0.0
0.038596728861637654
0.027188960553702953
0.03953886018125625
0.06263189851408585
0.03450257217844637
0.02709337201503355
0.02371532637020078
0.02964592731382957
0.026766592067723693
0.044309668316449995
0.03423738372020431
0.11325232656084169
0.05532255487873683
0.06527161727002842
0.1354372028970325
0.026342575499554696
0.031761546013103006
0.06726362854575739
0.017782244626853502
0.06133007453894402
0.13833306761194622
0.10162769952475123
0.061866201578606304
0.010020194242704417
0.008894985943525778
0.00958906719549209
0.008261117597577304
0.012326596207046646
0.010455189068687532
0.008494725860504296
0.01589138635616169
0.03857941494889625
0.006896614532822026
0.0062918467168255965
0.00521183155335546
0.040529662360082784
0.011401997987787951
0.0025919894872067305
0.001988211718528508
0.004512155209227901
0.008289258882345444
0.006428837438691623
0.025518987467644354
0.030141167132553322
0.010079982930117973
0.007625920137094209
0.002090838306012424
0.006413126428525853
0.007493790038425297
0.018603398633907014
0.006858593553667756
0.001866706698660412
0.013900869906727377
0.011780575834287446
0.007776485022735092
0.005946583184638474
0.009902161463669736
0.006028053075813972
0.01086206874788199
0.011662555113632808
0.00597931810159213
0.02377471315414591
0.015483616255961577
0.007283086161616833
0.008711943526604593
0.02629220745224227
0.003019268164132586
0.004616315409203538
0.003761434907032403
0.030834821477938316
0.01243546010848234
0.009881074081165776
0.01053837019842539
0.004322314128457562
0.00718090150587832
0.013600390994841496
0.014507171947102734
0.03079470447565152
0.001762823457365548
0.009539803255482152
0.002405083752561566
0.01718861928418131
0.018607070102118754
0.004263857275002237
0.02032540195026201
0.021716455777107985
0.019795040426175223
0.012437128307282615
0.0011830238542138826
0.010307860266248357
0.007844179910961521
0.006469369957166872
0.0100776641196614
0.006755269076532866
0.01392157296943623
0.024493337560617685
0.01013676692361777
0.00879479070500054
0.016022877643906083
0.009884839137597986
0.005872266483669263
0.013578487323804941
0.014858498441692167
0.010319594600029769
0.0016985980048806258
0.020959110503280632
0.002164476813276763
0.008652101217873182
0.0069715747210842135
0.008081767094836413
0.002334679360473721
0.004655225947952636
0.006993088054106295
0.010381110518834535
0.0061043276446826255
0.011217756881506679
0.0036031095495847243
0.0070806949806062666
0.006247818964480029
0.0022581156083141423
0.00503078064207315
0.00493832756589497
0.002952505740853947
0.007715181125356206
0.004938329279373789
0.012504360841527543
0.011354068890284482
0.004727076287704301
0.004643153502564347
0.005726905912561438
0.010103367771385086
0.013536697220746284
0.005741190196096611
0.015477772747283264
0.009389611721563598
0.004759071129654788
0.004151717225542528
0.004939538929608139
0.005497767267973564
0.007273226195503962
0.004760540925841741
0.01394127980479978
0.013181716264821652
0.01321211724346246
0.013061274495025872
0.013108800369011403
0.012628765272488249
0.01227096527491644
0.012713572417361093
0.011707753713185717
0.01118171093264849
0.011929726870607695
0.012054597324992913
0.011127008155338335
0.014402300481878232
0.01269702511428297
0.011321273986346818
0.01099192416085758
0.012717022136251867
0.01233907803613348
0.010392026346367178
0.013530314262127953
0.00977076758845342
0.00904336288808758
0.0129952282521748
0.011439538331943168
0.00978106548124237
0.013998482636832716
0.011497547426005275
0.010511752701756819
0.012509202977503355
0.010061282771674819
0.010010809077829504
0.01224373526727052
0.008174351900152727
0.013505773714768228
0.012089741028544675
0.009068959729422925
0.01003063982039666
0.01119501687992709
0.008537092884346339
0.009478689939695265
0.009010498602941078
0.011147027817076683
0.013860995948162544
0.007049687849500181
0.010835509641071623
0.010740749794731023
0.010932640413641793
0.01181389961139013
0.010671623946930405
0.01162321641929425
0.01294509385160192
0.007726795901468238
0.011550107988116839
0.009996002135504464
0.012114475889600703
0.007855621734215968
0.010110471576581268
0.01237949146531693
0.01420365369610637
0.014772285843565373
0.013433136690408326
0.009877174857239927
0.0063968078128688
0.015301809689040961
0.009618814230467407
0.009704573082795724
0.009098933705174237
0.008257945048005333
0.012363576752509004
0.008414148447291707
0.007840241286984424
0.010650601131160089
0.015371570622009912
0.015282501006533427
0.007044032596629632
0.00945931047407386
0.009905377487699889
0.011128846673069607
0.011999719544963079
0.01412933056892834
0.014304853114188545
0.01312554862188181
0.006928417950043342
0.010388196830925038
0.009963877662022997
0.0100106316398014
0.007043600165083685
0.010199856081695888
0.01076852186570072
0.01602071933129121
0.0076427543328606564
0.009366128557359292
0.010290199271596741
0.009986144549930395
0.010737478703397254
0.009817029838279335
0.013616272365259514
0.011692955337843203
0.010817445438734391
0.006008009252020219
0.00870555344703951
0.013950554442776597
0.009712251042109904
0.013932723881618645
0.016943274197316303
0.014378418147934316
0.010965499676368867
0.013255906393661572
0.015475304236649985
0.00951310685516419
0.01721098663426549
0.013650438572864335
0.009568496008297274
0.006218193041551927
0.011112361575941995
0.01281873908795968
0.0069271563762160916
0.00663111796763506
0.00912796642134887
0.009404651304869102
0.01172560140051384
0.008366900984242927
0.009363339802547221
0.010263989348862718
0.008051827121075326
0.009199028685104802
0.008618744776331897
0.01216352830410743
0.01435282322091806
0.007082240290081138
0.009695742589223786
0.008834473495763658
0.010663066093836845
0.00787355476742287
0.014041457222767598
0.008690898084476794
0.005907975672838589
0.00865962367915697
0.013133763005034459
0.011700177763102238
0.014704092907886037
0.006123249534216909
0.008487575151641212
0.005522383402720153
0.00859532471763757
0.014679625757828585
0.012809140492115276
0.009494012033816798
0.01245166253176749
0.0074259188280799615
0.009367117031435291
0.01191882070347023
0.009156174953838633
0.010797611016389857
0.012106616233856294
0.010910408765364484
0.010578892667163248
0.005132403267246991
0.013978988259236217
0.009710298655596273
0.008014749506184474
0.01119736187489799
0.006077434012516857
0.004752306485344326
0.012814944114425665
0.008775267776666311
0.008122084771695126
0.008699696001896646
0.007008713314421999
0.010511468277431095
0.014042784368887319
0.007519451860112133
0.007819333208967272
0.01263780248971093
0.007342016312472428
0.01199162457185542
0.007840725831405932
0.01082490420544503
0.005378777862636349
0.00949470901896821
0.006028722714677705
0.007145667554773921
0.009801155176805106
0.005590065529035033
0.010308560941105568
0.005437037903072359
0.009989715729130997
0.009810623672609608
0.011106315797624408
0.008218009682799229
0.013180800375348807
0.01022418095798529
0.006930977208231381
0.010441326822357294
0.010669788820930016
0.006420586616427183
0.007364437592873383
0.012242682788388384
0.010497867082538201
0.010716928721468639
0.008176501255557767
0.007099498186033636
0.006268675866739156
0.006242422452714731
0.007697755013937627
0.007617105002951997
0.006255792272095936
0.009947321083260421
0.009894681973536802
0.004766064921647079
0.007014202667451373
0.0069777083776727655
0.010128211167624716
0.01047374461233953
0.007780411297671686
0.006042325031420102
0.00847716083796939
0.006345947026684274
0.010102227029085906
0.0075167189376723524
0.008652594290831005
0.011393174785014221
0.007776113176953088
0.010251028875369115
0.009890872884162526
0.00721897305897552
0.010598580161942242
0.005714891792837413
0.007109979550416875
0.009766729836241895
0.004086562730816079
0.00747782106649668
0.012532802096930657
0.012826961024343062
0.0067010641334953784
0.006288574732876666
0.006708649922636821
0.0076646512406494255
0.0065010599405216155
0.012457275958761067
0.006369636143124157
0.00854607125937096
0.007060065452069595
0.008376655273746444
0.009749949835445724
0.006063046049276362
0.00899038607298356
0.005844506682388552
0.013608688188387333
0.008877662866251688
0.005481923757948817
0.007094627871417976
0.008493185554280965
0.008451240670080226
0.008880912590063465
0.009775886899707747
0.008768158768596268
0.007707521103322417
0.006377112091211876
0.0065022562909929004
0.006003134580621914
0.004181399401521194
0.010257342983505375
0.006366984798113227
0.00530305230543917
0.011586286998151285
0.005872145033659033
0.005387401999912924
0.003603647738246609
0.0065029038725283785
0.011485688025556422
0.006566666573274513
0.011596045652997615
0.01182645701307675
0.010179348557388895
0.00557391754159631
0.009468125338244976
0.010677122256082357
0.010698044646650338
0.008793425432645342
0.0059923457084710575
0.006485493470106147
0.005365233387999775
0.007781491523294634
0.006329389974135636
0.005984136970223201
0.008296528977084636
0.007475413508038045
0.00740275468817999
0.0042034723573772465
0.009019302823549949
0.004337655874214844
0.005497585210061852
0.0056630713562442845
0.01196103747007164
0.005281995969660325
0.006504029453224936
0.009867359935649094
0.008467100853468091
0.005721851447695565
0.007268595560247578
0.0047400277331937505
0.0074248553507471945
0.005692539110074886
0.007507615466483518
0.007665749351074899
0.0032466296077411218
0.0059562844673880025
0.007843665284769225
0.005807109935826991
0.006410214437890797
0.010097416561090613
0.005332832352024658
0.005962074628909798
0.011990664474397573
0.00871732329330173
0.005399999721066404
0.00887580956571812
0.0037757757214151454
0.010755281255218286
0.004930641971900431
0.008100602694490604
0.0047888625003911335
0.008557043693273146
0.006272512332748171
0.00582832458006197
0.00578542380770191
0.009461373586581294
0.010385307304185219
0.0059868261906843275
0.006746128657409406
0.0052011435578594375
0.008888379568841377
0.0053097645207731995
0.005535921876103411
0.00732829093592306
0.008111169899679738
0.008134840819233389
0.005876699300341217
0.010480270060480051
0.005315267893271947
0.00807834070166449
0.004561469899074908
0.006155269875385693
0.00991837618073193
0.004106770378072406
0.004847720847762895
0.005178210516431987
0.005070214878303287
0.008488100979649752
0.007578524437057096
0.005813143557656079
0.005689938600813787
0.011325513437467492
0.003585697083309117
0.004325377550991378
0.0036037149905271365
0.0045118977107001315
0.00847410169273534
0.0057162055676097225
0.009514010385973402
0.00652652437122742
0.0061661972587618375
0.007309905552454326
0.00464051539186544
0.00738002919052339
0.0044447662581958486
0.008303769290024826
0.010159286533910508
0.004608658073651293
0.004847751653394453
0.005245709000564472
0.004821704420269013
0.002729954137784185
0.0057972317820619386
0.0075953234712679354
0.007788165251677761
0.004256981454384844
0.009402137922242695
0.0048756321349486915
0.005227098349529364
0.004783906616081835
0.0038598028222868504
0.008298364989206282
0.006848441127553739
0.01014705204784023
0.0068627054498761495
0.005583308490746873
0.004757952597892224
0.006733718270216264
0.004820435000612576
0.006405514233687362
0.0048852979222976925
0.00665438637540138
0.004319001403454064
0.006179484147839418
0.007120910824822368
0.0043588827775189335
0.0045833345464486265
0.004704825747623813
0.0046873527601383955
0.003947523302410347
0.005235545495353531
0.004831511373741087
0.004684062518371902
0.004006612865724494
0.004673539218989624
0.0048189406781300554
0.00520555955243024
0.005845941155821845
0.005319510855356564
0.006167649397556425
0.0036923412178250805
0.009845449611303923
0.007675470572281646
0.004582208691340427
0.004679083621850693
0.0035623187304769724
0.0037256518006307695
0.003923127924702559
0.004635692488263292
0.006160646791441814
0.005026458048776265
0.005439725127780608
0.004636112955277713
0.003234648341201392
0.005551588464877919
0.004622255534294132
0.006821659707040409
0.004643351272487991
0.006404529321522373
0.004989053767598606
0.0026288193778984856
0.004935423023555498
0.005763665886546718
0.0035595072487762326
0.00620844625592195
0.00603110585535641
0.007279134428498693
0.004601660760694154
0.0060241735242645335
0.004851705736547555
0.00660471679889123
0.0036360923115457727
0.0015531282387697865
0.004599957954569457
0.00453235562945949
0.0051518583813669975
0.0036265568090229914
0.004859062582559434
0.006687620794940935
0.0029869354693740457
0.003725507152829849
0.004101295579886786
0.0011853238318339475
0.005065223332581539
0.007120515342715748
0.003177696401413428
0.007043624816029542
0.005304527087650401
0.009296048093196787
0.004550237749468471
0.004768652980877119
0.004686258104132448
0.005415605558949223
0.0011717233479829868
0.005324920785090831
0.006566880952897514
0.005018782531677088
0.003779084699609675
0.0033714728881572642
0.008089149432331253
0.004412543320845651
0.004636959430047432
0.00394257329129069
0.0038497193789689896
0.00578662779524374
0.006565607979290885
0.0039256004775298165
0.003902903346772749
0.0040436696334141126
0.005481093513642153
0.0028421280137982856
0.00814366270142344
0.0056981028609727315
0.0049499001348147775
0.006251177790255064
0.005473631624497547
0.006764606409905916
0.0057153747339056425
0.00530422134117964
0.005038694899581818
0.004254375762617403
0.0058078346318278925
0.007030457332242461
0.005105872107343967
0.004805052150530941
0.0037185905627076976
0.00456736667160983
0.006950684259826364
0.004937837595018014
0.004383240656073513
0.004357844676176194
0.0058936921251122884
0.006400845133090221
0.005645672023952241
0.00103244005523234
0.005281536713215283
0.007035370441743519
0.001256768232584317
0.004673060424344427
0.00503505517001748
0.008218017254386457
0.0049830714555104145
0.004796575714359869
0.006811440837491303
0.005635008038408644
0.003389450530676714
0.003883691628597192
0.005884452195264572
0.0048228869007178555
0.004514066978121206
0.005641408663000285
0.004194051568927548
0.006506986131046095
0.003807551976692405
0.005040500302022257
0.0023959091078416
0.006317830286473316
0.006023251351667905
0.004404442236108285
0.0054473566936976935
0.005938610608018439
0.005620163362268778
0.004680181349860086
0.005862143826404419
0.0031954260428465812
0.004701844398311079
0.003469826977814232
0.00456566367304975
0.004995686115687832
0.0048766645873916815
0.00497238922932815
0.0029306947880453882
0.005093928493012827
0.0029998708317269945
0.00397359387768837
0.005050622743888386
0.003077001166607747
0.003931154693375721
0.0030344520375696154
0.005350428710773903
0.006041158376276686
0.005108872240852074
0.004669992668680016
0.0039583987253960454
0.0061213837001370085
0.004047172785104696
0.0031923925621253186
0.0025732573913929903
0.003029201639660009
0.004088333686816936
0.002879914164714548
0.005607718198782084
0.005649710022456979
0.005007867479866859
0.004814836797214302
0.00530725204178072
0.004185503250645335
0.0027923435785729804
0.002965149127238944
0.0038930280119139735
0.005037079669192177
0.004153474720307911
0.0027882592954784056
0.0017577483470879764
0.0035777223914264683
0.002635838958759787
0.002668195281522812
0.003852365125220702
0.003520359472903245
0.005408058879417771
0.0047870753067941205
0.0052513211927301216
0.00415242804668292
0.0028671436533357756
0.005405326962199434
0.0036648362335636175
0.004293196725128691
0.00456983044442287
0.0041023718404457335
0.004731814473406358
0.004099552685583475
0.004400033371020958
0.005138994721648868
0.0024300485998967804
0.003957866067422933
0.003545679842426803
0.003222615280454434
0.0024281774302304035
0.005577959419694102
0.0034974520803500056
0.005002182559991548
0.0034486634847313165
0.005468836753230347
0.0049645493911648535
0.004372596154772833
0.0019129703302762382
0.004021994033977165
0.0044523559130024894
0.004069053322035475
0.0021527394205824828
0.004700598387297232
0.004887855996843118
0.003310963216350018
0.0032427201714222012
0.001702964424487942
0.004959878809680656
0.00295676440402564
0.004689181149126959
0.00435322017173993
0.005054364233707828
0.003701067970507094
0.0019161656438152121
0.0039409420352385675
0.005075651930030171
0.0021254615514795707
0.004904530575029667
0.004811587405303562
0.003154293479082033
0.004150430389583773
0.003917321159218677
0.003148335670792923
0.004452261350141512
0.003104275572147912
0.0030708813119094914
0.0052492235710848946
0.00393631993929256
0.003325744648391733
0.004317297005350096
0.003686191723563581
0.0030411813127167015
0.0040623958517052765
0.003929287296451996
0.004336945141993172
0.004264072447675766
0.004429305484718268
0.0043662450974267675
0.004385581627058075
0.003249578240010239
0.005094405808629476
0.004397064103368894
0.003359714491392748
0.005106653073865741
0.0033138622425965465
0.00471567701098733
0.0045253457754178515
0.004361467130777289
0.0027524738482037066
0.003807947690361949
0.0025375549706952542
0.004309636859411869
0.0030102994645875005
0.004338010796403699
0.00422618693193066
0.0041344013863942805
0.003922659743105013
0.003472964725155681
0.0011543000059784042
0.0015145808904288968
0.004172495604496244
0.0026235414882138644
0.0019751031436799414
0.0019560671266484414
0.004166922760999227
0.002617451248735707
0.004218333787521762
0.004434199276252656
0.0030099625638300314
0.0029011108622294837
0.003888193915994701
0.002759050968985113
0.0020443792835263736
0.0024963157415702074
0.0029487097252949785
0.0009499620098075874
0.0023229630744694752
0.003375892355500861
0.00297262861913646
0.003427220776397025
0.0036864908906518905
0.00167243653058806
0.003329803103876271
0.0031523493507745965
0.002405758044846767
0.0018678300625615582
0.0019891173887406216
0.001752123272016373
0.0038573543595558047
0.002577652546053275
0.0018134136169546758
0.002829334433605894
0.002027350671331992
0.0033165337811480924
0.004031607452051312
0.0035927194688849355
0.0019040789704864044
0.0012522392097165684
0.0023755783664061295
0.004019029761175334
0.0022032501599029866
0.0031659333856845872
0.0036381391797434583
0.0031229651363119822
0.002305830231139774
0.0033157706866195603
0.00126581375364154
0.0013004278675389585
0.0021203063997948966
0.0013388217133793782
0.003806118993423344
0.0025665964656059357
0.00379672659515008
0.002767607926120925
0.002667143665005012
0.002898271386816283
0.0028060292358446028
0.0022694965677003067
0.0029743149590479765
0.0033743584008355887
0.0034329690005610544
0.0025917057586059672
0.0034384393677861233
0.0021068313635956197
0.002860501179636947
0.003398922176358115
0.0016675745782227447
0.003245086911284351
0.0027762292017364776
0.002274070488855614
0.003326381679101214
0.0022945645388035944
0.0022470209652392555
0.0016461641789244845
0.002072443859008611
0.0028489956671027775
0.0027266270857477827
0.0021304392821629133
0.0026941584672610978
0.002550723855283079
0.0022126947343506153
0.002322481091317522
0.0017938916743074846
0.0020501363922755225
0.0009229853206490581
0.002447355068215863
0.001256836475854664
0.0027095377566105985
0.0010506762416428862
0.0014645157600221993
0.0005263828605698449
0.002804187995600186
0.0018281353334754843
0.002836069152378738
0.00021213024755424323
0.002692019036536866
0.0018821952154831503
0.0017957312856295164
0.0013485729171754245
0.0016249419250628145
0.0025794079403786076
0.001260978148728578
0.0012397342192166855
0.0017881372155687226
0.00238688148050767
0.0027451760031706007
0.0022889822704052765
0.0019789029493375485
0.0018313642539124673
0.002000480067711316
0.0016635612856287173
0.0022351586357937164
0.0013667672208720187
0.0011514984210432909
0.0011772235370685598
0.0016256577015112074
0.0018776688288726705
0.002137845114729514
0.0008382265666325413
0.0016514283999232182
0.002091757508183176
0.001172377962978489
0.0008970518714688227
0.001375509263023677
0.002494383263060116
0.0015814134857053313
0.0009784648119428804
0.002419511364349784
0.0018474165477375924
0.0013153810144050635
0.0019960162029153974
0.0016934082499216953
0.0017089554715048966
0.000788678041965792
0.0016497342836896607
0.0014913661423696612
0.0012927857808887014
0.0012315827271188072
0.001111396425867849
0.0007270588413670003
0.001761596245700181
0.0008152548379339387
0.001673135524920068
0.00161823480925225
0.0015793929516826858
0.0006979139728707436
0.0009258886493419926
0.0006981827960315829
0.0009827519459341368
0.0012254419465775252
0.0015683990695848059
0.0006370618026320024
0.0011019044418966218
0.0002037807445736782
0.0017196327446094629
0.000821166688005011
0.0003803085355559232
0.0012503636906269014
0.001602533409822524
0.001291745626684235
0.0007159740581957985
0.0009594203959317669
0.0006065908282523108
0.00037029704732950746
0.000458810245463201
0.0007797767641698732
0.0014194857947101216
0.00045922520692617835
0.0012678892765015247
0.0008239688121792743
0.0004095171074195066
0.0005576763795347415
0.0010567885372427136
0.0004742588785612322
0.0007509097420117186
0.0011088870418496783
0.0008453392097201649
0.0003724440296402781
0.00035789653167684243
0.00034951626938244774
0.0007967805718088843
0.0012191173052252847
0.0011308856579460578
0.0005240217933202662
0.0008957035852078119
0.0006081070326704342
0.0006353801847477475
9.794846681052615e-05
0.0005678213576638201
0.0007692606292444039
0.00029908845008318283
0.0002634409173427287
0.0004040617536071886
0.0007993134345641559
0.00011404209068747798
0.00020344806800065018
0.00016167354041431793
0.00034815796260005374
0.0007041256304075148
0.00011954988465097093
0.0004562857185246329
9.273757807122167e-05
0.0001560654827073078
0.00042341594154122455
0.00035232609668630287
0.00018189942467125738
0.000131060805014097
5.005654011333714e-05
0.0003302846028753543
0.00010533431540387061
0.00010374086658602305
3.451615052662512e-05
