0.3770269511674136
0.37383555540765967
0.3713659298507016
0.36807757117412937
0.36271402307165546
0.36106037372089544
0.3597112796087125
0.3590432516027864
0.3575000322018719
0.3569973204455794
0.35136980281586355
0.34147777792542905
0.3096400674134951
0.3005731540775479
0.2924002215437091
0.27096969163853823
0.26931522735833485
0.26662883561815554
0.25683378126253603
0.25613256111586435
0.24503377812154148
0.1970024593455114
0.1657724115148288
0.1560862141982923
0.15658137542775366
0.15636015570553136
0.1566193844232568
0.15656148548439244
0.1559647570704132
0.15578187731683338
0.15574754747043634
0.15562108272860364
0.15223678064936344
0.15213451994467456
0.15213797169909327
0.15213551718261373
0.15135063831008636
0.1513914778442927
0.1514242448654741
0.15144962024891187
0.15149378426598484
0.15185135748455106
0.15188399701916314
0.15210301311873406
0.1515630717576141
0.15191566989398933
0.1521108055948795
0.15214952888483835
0.15232252422991166
0.15247663193391017
0.15267399602143455
0.15249484472333874
0.15249401124889073
0.15222428194145768
0.15206671437461672
0.15191339361051698
0.1518597874950873
0.15225201925521073
0.152244727579415
0.15263347194665564
0.15277843432696953
0.15271611267665305
0.15403207931052917
0.15416744263594423
0.15431590287251437
0.15451536555906636
0.1526020056468342
0.15263806824608236
0.15264066904677948
0.15266778764112907
0.14966550886131735
0.14981467486211153
0.1496559969460479
0.14932671951061097
0.14939562584072255
0.14951605163884665
0.14922999152745892
0.14928050045442612
0.148046202134222
0.14809169348112664
0.14805466620257804
0.14808333470452348
0.14761574344857425
0.14714997586844947
0.14730718432579595
0.14579627550333218
0.14588494805101226
0.14563014890897996
0.14536792482092786
0.1453942477464919
0.14506596458419013
0.14496100519867045
0.14492572521448172
0.1448510238163957
0.14460834006330922
0.14408431429389085
0.14241389057720208
0.14267251996752306
0.1427124466448264
0.14252092293239638
0.14260443392574448
0.14275938027479118
0.14309257677403175
0.1431451638243405
0.14314588767677458
0.14316061255624335
0.14162190724788348
0.1416213493564064
0.14157739484115742
0.14155967209172116
0.14182445501378022
0.14185578011114697
0.141862599271753
0.14195729358621184
0.14177187190188614
0.14160876064002967
0.1415208986552033
0.14155711210042535
0.14146600145234142
0.14145685933521127
0.1414063589353603
0.14139077683965642
0.14139685015171874
0.14140111151512558
0.1412737438097026
0.14139613633645065
0.14098606792186522
0.14057453155806127
0.14052169064524533
0.14053052250306722
0.1404666290741192
0.14012701808852868
0.1398552127517774
0.13991658187930067
0.13933490926755085
0.13961971466307935
0.1395311243592386
0.13943270231799823
0.139365559827159
0.1394396415709922
0.1393599812989057
0.13932316471259787
0.13622485094482997
0.13678629554748822
0.13683484731316564
0.1368139329696728
0.13671300894748736
0.13667083859020873
0.13510333292552495
0.13497534869144717
0.13352227881248524
0.13391941653309394
0.1338720525116852
0.13377855778335979
0.13410462929242345
0.13169779747881147
0.13024593422669847
0.1301941451669265
0.13013521497048652
0.128943849498756
0.12849220568218606
0.12842183370749627
0.1275435231426264
0.12748665470078044
0.12722917072677575
0.126602127806024
0.1262232558756817
0.1257881012846402
0.1249086997516772
0.12372093480213434
0.12366088171069856
0.12260292637700504
0.12199315487004773
0.12191472771548512
0.12243064688002936
0.12256690246145019
0.12256444412244206
0.12291541949039354
0.12276068065175468
0.12256111267870903
0.12244238771828586
0.12230708408105016
0.1222386650734724
0.12216371105389927
0.12233607084031378
0.12185455443227229
0.12191494223899
0.12175125502990453
0.12124179175313993
0.1212724242733699
0.12090893862833452
0.12043563995266589
0.12105486578072198
0.12036473455135169
0.12045516337614026
0.12081135357718759
0.12017995438299418
0.12057013502839205
0.12043526660805298
0.12019945257385717
0.11995817088310594
0.11929215924752115
0.1186539600628961
0.11816468333445872
0.11841203224230341
0.11846405544986784
0.11815163043854313
0.11834604361294719
0.11830578980793734
0.1174404200412892
0.11736444980176813
0.11744202435337463
0.11771612252759744
0.11767393271331894
0.11771909302474372
0.11712036739476864
0.11715581282597402
0.11704803938979197
0.11683762878202117
0.11760182279327129
0.1179004166385658
0.11760437074192415
0.11652194319327888
0.11671576965004765
0.11630476010419792
0.1165933863120816
0.11643708242576403
0.11644460219610724
0.1165149417245333
0.11637201037704475
0.11611480682590297
0.11596777906407765
0.11506035741715484
0.11496889678475286
0.1141304554867834
0.11395078416150814
0.11357350150332045
0.11441594846736976
0.1149091031175302
0.11527106888770977
0.1149332305883914
0.11521359050067292
0.11553423271479046
0.11530984850613711
0.11463239706830053
0.11437887155950913
0.11442449964295663
0.1135777336796279
0.11341141537694066
0.11305951873237646
0.11192744311356156
0.11146578102654098
0.1118534618787766
0.11143913022955541
0.1113868119871081
0.11146279384989645
0.11135584867119581
0.11070407035888326
0.11064696836235174
0.11056765374250259
0.11053569434531686
0.11029845469322112
0.11055061079447794
0.1101337471855339
0.10991716914319542
0.10974423282734079
0.10975255659119287
0.10986875603063448
0.10969788485367815
0.10952208830068909
0.10900430975891713
0.10851769261479008
0.10861640100813694
0.10844841805709328
0.10828074528884961
0.10816290214821628
0.10792274091750328
0.10737099254830373
0.10716129131419534
0.10745761414465221
0.1073243437760816
0.10668639749314002
0.10641495173600483
0.1058798752119726
0.10579537911034106
0.10551802079785731
0.1054968609220367
0.10526264435342599
0.10468116457254925
0.10496339414730255
0.10502218404621884
0.10538640021446456
0.10531737275725109
0.10560136947228756
0.10574413076323783
0.10551631540929346
0.10528956696636205
0.10464501986000842
0.10435679657144442
0.1046436050842549
0.1046080067290598
0.10394587673553685
0.10392961491416892
0.10402501764384058
0.10381914745682812
0.10397906765624582
0.10428088749183084
0.10413810234940264
0.1040064794603628
0.104055633258233
0.10382301040016215
0.10367654583875158
0.10332029977441896
0.10309272108707944
0.10296984830648195
0.10263847186421571
0.10194515419543707
0.10178578199833001
0.10143983535246198
0.10140263835871659
0.10110500725797748
0.10111240019050778
0.10081527001343749
0.10092062329217331
0.10053458627559424
0.10027400061195868
0.10018128676065603
0.10000531239110906
0.09995915179048143
0.09977284405303788
0.09956896824094975
0.09943545092840084
0.09933736597986706
0.09905050006215972
0.09949638165201159
0.09939030819690496
0.09899939418485905
0.09863726585886705
0.09864940260515676
0.0985216148988027
0.09805494435220571
0.09748777569901267
0.09712410842715978
0.09674303674472311
0.0966560740927403
0.09674350530579146
0.0968507868941212
0.09693566809602516
0.09648037859014745
0.09658908510822245
0.09654343611625989
0.09620288295359763
0.09648149865705996
0.09648719022336363
0.09651451007594433
0.09593744358311021
0.09577396696086181
0.09559041677375679
0.09542006597939039
0.09531569030083775
0.0953523437117576
0.09546361871126607
0.09536304589084091
0.09534272101112105
0.09484754324215365
0.09467973532431591
0.09453547443355274
0.09473827090604628
0.09465663538023913
0.09415578954643651
0.0940440315952137
0.09376322723924331
0.0935081952901787
0.09332089106396488
0.0931127188256859
0.09272386513443838
0.093453998127692
0.09339093033476988
0.0933757157238085
0.0931197202201078
0.092639878752371
0.09264813475783397
0.09231233961396786
0.09223696931946937
0.09204788965323214
0.09192585697938552
0.09173895745074422
0.09134316528855593
0.09130878603192762
0.09113479240234586
0.09114583916993245
0.09119942521629132
0.09110123958279477
0.09108201953268845
0.0906844845486445
0.0909800400833533
0.09044463489974294
0.09003946732337796
0.08972341530396619
0.08950312169122998
0.08946847484986573
0.08945402972335488
0.08929239483482448
0.08879445793357281
0.08878778305092495
0.08886108361785308
0.08857185047437119
0.0884548906506762
0.08824841961479785
0.08817088732744964
0.08825881650879608
0.08850026704306553
0.08831421741977323
0.08760593723350056
0.08746760836642356
0.08721771715766258
0.08694074797741688
0.08627719588681212
0.08626241955336589
0.08607231110556862
0.08541605216499837
0.08522925396383702
0.08475162533444024
0.08442135669968996
0.08433827867306193
0.08449861730956246
0.08431297732203685
0.0840104290268264
0.0840508836288135
0.08371791437747363
0.08342287723674843
0.0832085519476117
0.08315366279759331
0.08289871065074189
0.08280534643750694
0.0829203189870786
0.08278734836678807
0.08374263014031151
0.08371324354205427
0.08367658011156273
0.08408719671815264
0.08343935524178328
0.08319312970778948
0.08291798251398326
0.08285627287747066
0.08277498062372313
0.08277702924523078
0.08264431578957489
0.08287642446609639
0.08275074146342089
0.08269206016436761
0.0824980836826241
0.08236732245288773
0.08233150429803705
0.08221366366525172
0.08219606549850995
0.08225245050845001
0.08241164720949412
0.08240929899894842
0.0822008530620651
0.08218134487480744
0.08210528072063573
0.08219618424123505
0.08207005028304347
0.08194140506633825
0.08194785698225474
0.08170340414759185
0.08173381771645188
0.08156320131867106
0.0815639594669045
0.0809549382435257
0.08113590309449288
0.08099772533228879
0.08068311009304216
0.08033982357130694
0.08025727288487315
0.08027056751689904
0.08025652006903294
0.07999838303600675
0.0797799365650957
0.0794359059622099
0.07945317387252376
0.07927916896281836
0.07928951403358758
0.07871277387236443
0.07860128570364022
0.07854667599894855
0.07833803373343759
0.07842355510591183
0.07833686284969453
0.07843647721814596
0.07831515521199216
0.07792544538750537
0.07778669157505055
0.0775505977659065
0.07745749313459976
0.077189204982402
0.07715971350518629
0.07731394161760863
0.07735667256616034
0.07707159149680014
0.0766116013883565
0.07645864990627638
0.07580669297255503
0.07557233582484403
0.07553172429237674
0.075339995825138
0.07510227756881582
0.07492734808710078
0.07498263930665627
0.07452179974045137
0.07404762881869309
0.07395700750680018
0.07409046533212267
0.07404499823919419
0.0739283067417497
0.07397792761161653
0.07391014434728845
0.07360803157416122
0.07312734571160884
0.07295489476848335
0.07251656838381412
0.0725378814961856
0.07214754465706544
0.07211020200134771
0.07231440520119917
0.07220052058963984
0.07201318907831739
0.0716986093457083
0.0711702674996881
0.07113924378493668
0.07107347818344208
0.07078018463939793
0.07083521601350827
0.07064839912726038
0.07060252433920772
0.07020421359122468
0.07009115831896272
0.07001670049597394
0.0696475251023946
0.06969328828448505
0.06969569639672146
0.06963133535162827
0.06958323351753275
0.06959718119778958
0.06961670717354586
0.06959749634845754
0.06951663829837804
0.06943314013001155
0.06934369342969261
0.06914037831768556
0.0690252959546779
0.06895775127765823
0.06874891315749766
0.0687299919223504
0.06869351562660413
0.06880687565918296
0.06830135698409302
0.06826913951562921
0.06797712252558949
0.0679845707722532
0.06793954132848891
0.0677722025796979
0.06770587670004183
0.06759248581765694
0.06757865838544837
0.0674170583764541
0.0673754055262779
0.06727897790270858
0.0672265267036859
0.06695260376958234
0.06658837051308755
0.0664608199988564
0.0665668140226721
0.06651362510417044
0.06662424502957885
0.06638862531187387
0.06593506844051918
0.06592234994717895
0.06606234171561762
0.0659108958954763
0.06581552363157313
0.06588411450201706
0.0657094639765784
0.06574964862571411
0.06540916611376907
0.06538211150572754
0.06541845352467344
0.06523721631526075
0.06508485080545154
0.06492688137395924
0.06485501641662722
0.06465499786407018
0.06449324494114729
0.06443359696774884
0.06438526204794147
0.06432447686788195
0.06432656153631407
0.06425530566514288
0.06418217469605858
0.0641144301800207
0.06380845505771517
0.06376612673045703
0.06317060934104694
0.06290615042633559
0.06283812010052756
0.0628051891810279
0.062348778499790876
0.062368631964541094
0.06215222126487075
0.06175410113599028
0.061429949694893224
0.06132213246403616
0.061336798761891444
0.0609769623473259
0.06059953117656972
0.06056880997901327
0.060582737314003016
0.060466057668281274
0.060218079742602654
0.06010079626512486
0.05994040031387698
0.05988119020844826
0.059632263421649984
0.05931099345953602
0.059440683690921814
0.05913645032250687
0.05872011106991814
0.05856998322381863
0.058518699898842896
0.0583888219260934
0.05808155681817223
0.05778207173584668
0.05770365342087409
0.057599476608512744
0.05735449547749682
0.056900870314923344
0.05658106229030522
0.05621415607817299
0.05604590151975531
0.056183319218628396
0.05614375238903673
0.055880191845765384
0.05579086258217098
0.05550605821031673
0.05525775623057578
0.054993390497533344
0.05479105840933524
0.05469138825605533
0.054677083946407835
0.054417753829479124
0.05414033801431566
0.05414936880719995
0.053992120311491476
0.05398320050218346
0.05368678171801957
0.053546944388017305
0.05341193899446888
0.053151659000847756
0.05292396428929226
0.05278875436853704
0.05279347177842668
0.05259718715226873
0.05244109765400315
0.05228006634525114
0.052018512969209146
0.05191421985083124
0.05171369897265139
0.05172255334118156
0.05174961591064532
0.051676351232225366
0.051320080603064464
0.05124976621049639
0.051136070914484924
0.05077833375525373
0.05043166580917319
0.050184702613049074
0.049998283774020186
0.04972114513007867
0.04958195307589066
0.04946326370003939
0.04934628048098279
0.04925994415850437
0.04936327011623746
0.04907367315104929
0.04882647165464352
0.04880309931956326
0.048864723333493884
0.048726663935571894
0.04872096413501752
0.04841334182093607
0.04837826017843745
0.04832020437181482
0.04830446723098118
0.0478320831057627
0.04764592516477735
0.04751806728764507
0.04739823628562102
0.04733714973823422
0.0470959971205486
0.04694560542148012
0.04683739135834393
0.04678930696758552
0.04677045120868275
0.04684150100100032
0.04681065207332286
0.046714937310279474
0.04641297563943734
0.04607071918268704
0.04581321452738167
0.045540397002083184
0.04540757791595246
0.045417014516924044
0.04531676242594138
0.04522620637169715
0.044783151574016355
0.04452938406333607
0.04444528043701465
0.04444680330667067
0.044263366932476796
0.04421257290069578
0.04410671627651241
0.04407351937236937
0.04390746856117885
0.04370632170437682
0.04335600845999187
0.043115115633413297
0.04274845311817523
0.04266410020241493
0.042574154139106556
0.04242157209667428
0.04217672816130808
0.04190427320957187
0.041686345185105535
0.041557595316160004
0.041326910685800515
0.04135830317940421
0.04111332109109768
0.04105724891263746
0.04058883510588181
0.04043873199844551
0.04039884745787992
0.040376736286872356
0.04016101446710781
0.040026309947462126
0.03994451958097264
0.03973173586249637
0.03955358241361285
0.03934462388098143
0.039134760127536555
0.0391064540632417
0.03870328911853371
0.038540055602406274
0.03851387667533831
0.03842096792917376
0.03810562210895919
0.03801954176377342
0.03791584790318636
0.03784670061317155
0.037875322548441046
0.03764118856160318
0.037427239881321024
0.03714043949810597
0.03681360991003675
0.03668404022553908
0.036423031887202244
0.036373282741990934
0.03635022862391969
0.036256041675679584
0.036215493725479615
0.036092388489653626
0.03581435648871085
0.0357816132962216
0.03545278000484531
0.03547159829990704
0.035461954563440735
0.035235935601710074
0.03514537300747831
0.035146195112541065
0.0347406289265497
0.034768195997276805
0.0345249304594002
0.03417784602580332
0.03417443684899095
0.03408730376291765
0.033857985389683334
0.033790819651312885
0.03347406760159249
0.03325494369014935
0.03318623137718662
0.032949847661910114
0.03284244343094491
0.032616888112827716
0.0323796742809629
0.0320897660893094
0.03193134614660432
0.03168397549617032
0.03171436323539997
0.03143667757324419
0.03127765883237428
0.03103091310593339
0.030812708903214518
0.03061527630986718
0.030496551597455797
0.03036070358755964
0.030230740362629335
0.029942521053488474
0.02971469956751082
0.02961626263084224
0.029357213244629435
0.02932479467763298
0.029338343210299687
0.029278433764427906
0.029083226285138368
0.028916079406814493
0.02889018401892071
0.02888063728863343
0.028622047751167525
0.02847019817893594
0.028256537590796663
0.028194564163144805
0.02783914673579127
0.027590612718790174
0.027273939686169608
0.027169795686662435
0.027067192219955242
0.02688166140826054
0.026774735561163436
0.02674651341313967
0.02668368364977318
0.026611075671901446
0.026363276256921617
0.02613224261245887
0.02593988097132897
0.025952761390271594
0.025843813938004733
0.02565940091717301
0.025544675524768388
0.02550986019107612
0.025437933001221137
0.02538235732360546
0.025212681464393837
0.025188802385717777
0.02513225795747018
0.025099512117113257
0.025021972925175526
0.024836710264808822
0.024578486689965314
0.0243140502081352
0.02429371764941573
0.024283730066650213
0.024242443931063527
0.02402719245470824
0.023868150962130734
0.023610392147978776
0.023384548013502288
0.02331634544755518
0.023292653781693592
0.02301461436929273
0.023005761784532286
0.022967834300731196
0.02293907933027956
0.02295133283411714
0.022716027659787884
0.022445672928618595
0.022343871661697125
0.022149498740802596
0.021989810023769464
0.02179718138806455
0.021555235744366644
0.021387023071948674
0.021363512498718682
0.02113490229716547
0.021009318117106147
0.020834259234516442
0.020746275095229933
0.02064564727610712
0.020632959462017198
0.020325349935377712
0.02028452676812936
0.020086110448462768
0.0198418213221112
0.019593231975829614
0.01936764916556374
0.01922742922688573
0.019026322990736526
0.01897803222925242
0.01885138402065296
0.01858359021694406
0.018443273018494973
0.01837685720204074
0.018234970232078887
0.01808568064526818
0.017953126689535692
0.0178003017111098
0.017692826240450488
0.017631610025407765
0.017621641632049576
0.017447644995306398
0.017409563179907092
0.017269896710823053
0.01722624779293678
0.017168720971096157
0.017162286313603017
0.016979854112066445
0.01685215570468373
0.016716104662276524
0.016717746963941904
0.01671132229310608
0.016625709709231502
0.016622783195217084
0.016557233967444154
0.0164708991094981
0.01630228125250321
0.016254234598563653
0.016186608874022533
0.016078467073748316
0.015980042098711397
0.015819360395142118
0.015692724218045056
0.015543599838177415
0.015424585875416173
0.015396663601361197
0.01539384107677825
0.015276301416536126
0.01519751831870617
0.015163773942706895
0.015142436740128528
0.015072644567725753
0.014944654279198152
0.014811969159787856
0.014799904446874334
0.014739786340745277
0.014695314570461958
0.014588413007310353
0.014565994464668995
0.014594194683736218
0.014464619041777574
0.014349264904041094
0.014329149188979129
0.014064969932659824
0.013943552074179213
0.013931645356275502
0.013789126529950334
0.013718899445739806
0.01362660319137317
0.013589603858258432
0.0134669861545947
0.01336098886979356
0.013306082723246924
0.013246863620754582
0.013191884309090924
0.013192807483982464
0.013097832868311272
0.013071502741415652
0.01299532122175932
0.012915784000296707
0.01291476490359549
0.012888944379041187
0.012848037446178429
0.012828665646212436
0.012792285547853952
0.012735203118770664
0.012671029231907088
0.012660494588351277
0.01259505137762538
0.01259998229787465
0.012522403908886502
0.01247420374640632
0.012474969794125882
0.012408646072697522
0.012309568884889469
0.012270670635094716
0.012255846913067848
0.012209966904173145
0.012198700950297356
0.012191030378676764
0.012181190249686696
0.012153986603728814
0.012091423448008912
0.012082200135211059
0.012017368700048832
0.012020798970679182
0.012014615233544112
0.011973762046816928
0.011930430701053915
0.011925262234072902
0.01189506041704428
0.01182629763022427
0.011798306867667335
0.011790270375095451
0.011787321340530751
0.011783567752568917
0.011752091238166971
0.01168338707268398
0.0116531764245741
0.01164056686573925
0.011606216448129918
0.01158526688170319
0.011560557936532448
0.011561639162916255
0.011559633190593492
0.011528596248861198
0.011522937173606588
0.011521479221705561
0.011513909241152346
0.011478161959830665
0.011477229629793114
0.011471207389426238
0.01146917866314579
0.011464646597438455
0.011450257049259536
0.011451052654105709
0.011436367052137611
0.011436176866293973
0.011436092167193995
0.011421330568323835
0.011410267689266352
0.01140643585275844
0.011407393293995123
0.011407052406845064
0.011399665770947833
0.011397150710019096
0.011394933181345946
0.011395732862046492
