0.09910417198191834
0.09825307131839373
0.09759621065610649
0.09671904952988825
0.09529010680570833
0.09484988737134772
0.09450056122808673
0.09432405742676021
0.09390626376030084
0.09375933987317173
0.09227729365583408
0.08968428867651866
0.08124212341790049
0.07884592773606042
0.07668037854029665
0.07098794449207724
0.07055077430916418
0.06983512237056888
0.06722667227329122
0.06704687564610963
0.0641212561034863
0.051511979177901325
0.04332954771404824
0.04078665252507719
0.04091630458939635
0.040856489029201117
0.040924786465984415
0.04090395447257048
0.04074020412097616
0.04069122131504982
0.040681053118563806
0.040656376521522784
0.0397777347517989
0.03974741029477325
0.039745409770721156
0.039743588025514275
0.039541853601507936
0.03954790823619366
0.039555403569445494
0.03956122138263792
0.03957150177124158
0.03966453414694778
0.039672357384691784
0.03972961093671616
0.03958990752318351
0.03968012028769013
0.039730907605685865
0.039740970891574454
0.03978527193049727
0.039823741835158265
0.03988715139153547
0.0398398801121368
0.03983968111255801
0.03976351504852836
0.039725463418160474
0.03968308836810513
0.03966701798745598
0.0397690157540474
0.03976548471506863
0.039866298295917056
0.03990331156488132
0.03988715868780747
0.040223592080933374
0.040256156193830245
0.04029461618319697
0.04034702297322101
0.03983979218884441
0.039849522043044726
0.03984993026277495
0.03985682840774566
0.03907814730124209
0.03911560382407754
0.03907421282249013
0.038987618607860375
0.03900571062820834
0.0390365046833322
0.038957097426332535
0.038963216388373995
0.038643921840171715
0.0386560580341279
0.03864350444360045
0.038650836565569925
0.03852597265125227
0.03840154129265269
0.03844224204439873
0.03805763910610196
0.03807004546618209
0.037998468829083136
0.03792959906591873
0.03793583652060318
0.03784956554944075
0.037822547390524534
0.03781366588569298
0.0377945179009905
0.037729369477589064
0.03758691651486936
0.03715135546324503
0.037219134021007814
0.03723086608726046
0.037188883686491606
0.03721012329619508
0.03725011995021297
0.03733254186100869
0.03735212995041001
0.03735337581469904
0.03735813101438588
0.0369655567088218
0.036965649475604885
0.03695010649575157
0.03694404145353886
0.03701314603860249
0.03702131555715466
0.037023551222370714
0.03704756893874472
0.03700098691313483
0.0369604464257632
0.036934859985885804
0.0369434468980307
0.03691795898727914
0.036913022657805585
0.03689921556847624
0.03689466586703848
0.036895489770952014
0.036895856616022855
0.036861219241106406
0.03689276503807295
0.03677916343891046
0.03667707706182667
0.03666203002981454
0.03666355471864218
0.03664441788091396
0.036551529682312615
0.036479512818206106
0.03649471407618814
0.03635041319263746
0.03642493678546845
0.036401993803866974
0.03637522404367947
0.03635756771186887
0.03637609974982397
0.036350707961674965
0.03633979949741013
0.03554574288835968
0.0356921442304991
0.035704866925596775
0.03569937253171367
0.03567332483699488
0.035662165843469346
0.03526350387628375
0.03523020340378193
0.03485706241770028
0.034960582058874604
0.0349479496674412
0.034923517015423095
0.03500838754780617
0.034393855863295006
0.0340264330901334
0.03401297726745681
0.0339972484438089
0.033697844989990657
0.033583348168576624
0.03356503054691102
0.03334760693507427
0.03333263060325997
0.03326552347196861
0.03310184353464715
0.03301091017346229
0.03289741676336554
0.03267965764367769
0.03237542418445116
0.032359901334834205
0.0320891498881441
0.031933875558681844
0.03191305713979578
0.03204781060179887
0.03208305354949905
0.03209358679396862
0.03218521509509705
0.03214467406888528
0.032092596111850454
0.03206156386090721
0.03202612135396523
0.032008474064216204
0.031988696937054764
0.03204330334723856
0.031917391118926774
0.03193262518939756
0.031889715214165434
0.031761905174188435
0.03177658220427176
0.031687155366084685
0.03156347175330219
0.03172541914358462
0.031550841351309644
0.03157883269721656
0.03167190957665019
0.03151089943212126
0.03161299812266482
0.03157764944468674
0.03151580824506514
0.03145826076444657
0.03127723967812884
0.031116262451536335
0.03099385439552861
0.03106427620161141
0.031077633491324818
0.030988807873249233
0.031039264524590042
0.0310288284572831
0.03079757453164786
0.030777947398742848
0.030798113812830055
0.03087465797696891
0.03086350816899854
0.03087532823300443
0.030724364660803766
0.030726685759495293
0.030698587674843576
0.030643327719097252
0.03085089440772628
0.030928769710645915
0.030850974844768685
0.030561167733225716
0.03060518762114963
0.030497574398016272
0.030576789612986086
0.030535720367826296
0.030542820467741715
0.030565865557706243
0.030528396807787687
0.030461148013233148
0.03042712579942649
0.03018262952306512
0.030159027699948826
0.029935079183602137
0.029888080712165418
0.029784442356790928
0.030004932450453797
0.030133945916951836
0.03022864546743256
0.03014529551244659
0.030218602183063218
0.03030533970002368
0.0302463895238098
0.030062030714681057
0.029995490734986432
0.030007287085818502
0.029778766148132213
0.029728540758992374
0.029640679293154358
0.029338173972037314
0.02921106401784831
0.029312455442153797
0.029197120976564576
0.029183223497377602
0.02920750243557254
0.029179471777048438
0.029013240986493723
0.028998002200081956
0.02897749130433446
0.028968983350957017
0.028906689526183332
0.028972932466102407
0.02886713668742991
0.028813750624107824
0.028768567430715708
0.02876645101928729
0.02879711922062014
0.028752507174835205
0.02870659995808107
0.028571119655696448
0.028448073359932203
0.028476115885650802
0.028432008392468816
0.02838774043677224
0.028360548689356595
0.02829747086197968
0.02815791329954465
0.0281031917984456
0.028183378303864935
0.028148671041704466
0.02797569558497579
0.02790459836845749
0.02775808943212677
0.027733660409095345
0.027660817907692876
0.027655218442176804
0.027594040492108184
0.027435405392356584
0.02750365807778298
0.027515419513570356
0.027610675259144592
0.0275930799761746
0.02766727970964531
0.02770430461383223
0.027644541935908654
0.02758053824980044
0.02740587340248785
0.02733412372772957
0.027409392043871078
0.02740018487022174
0.027220629855544812
0.02721941687379911
0.027241293026243212
0.02719226576659252
0.02723575050462096
0.027316454204753312
0.027278992224760212
0.027244845089469363
0.02726032034659007
0.027199244144972986
0.027160709059364956
0.027067568102174155
0.0270024500177046
0.026970647180179406
0.02688370747074802
0.026702150591521995
0.026662623235815554
0.02656665443148917
0.02655707268746286
0.02647923518125606
0.026479522595100533
0.0263977962908677
0.026425603423729203
0.02632474700867581
0.02625665447922821
0.026232599150264643
0.02618622237509389
0.026173984671937316
0.026128282169479277
0.026075159073046847
0.02603625508865774
0.026010448356468444
0.02593917787963836
0.026055706367121585
0.026025758177583316
0.025919096056994946
0.02582781844860804
0.02583058366536482
0.025796859617232194
0.025678905225475203
0.02552624545199761
0.025431131761802256
0.02533123605316862
0.025308136948110255
0.02533074070327356
0.025360557591253077
0.02538278346860766
0.025263437757896884
0.025289797169098977
0.025278113641353666
0.025189159274439616
0.025263711352607833
0.025262981484168782
0.02527003772506081
0.02511431221206031
0.025071412868927015
0.025023267285113168
0.02497712000780756
0.024952329037747672
0.024963483360907462
0.024996511501455602
0.02497043637719577
0.024965057417091624
0.02483037983231473
0.024786789774311115
0.024745736220173745
0.024798982613452446
0.024778106651726584
0.02464699887741194
0.024618009872923553
0.024546640929845143
0.02448278374980425
0.024432682319247754
0.024378046147163757
0.02427085632600506
0.024456498191577865
0.02443778195380488
0.024433657600958582
0.02436644426237363
0.024241276422896887
0.02424520066766217
0.024151953097562216
0.024131994325002643
0.024079786963973587
0.024048196137820003
0.024001776532855797
0.023898344939151328
0.02388919029764853
0.02384389039894323
0.023847087916303758
0.02385592471017874
0.023830535626359915
0.023824324463820046
0.02372023544203874
0.023797677320000807
0.023660023181537454
0.023554187250136954
0.023474374292180408
0.023416545160358775
0.023407661764749725
0.023405464239079
0.023363493097863727
0.023234665479088652
0.02323211692724734
0.02324639676233216
0.02316899604637764
0.023138366261416653
0.02307950717818131
0.023059044229853068
0.023083265365893495
0.023147333534641348
0.02309679973207672
0.022914535014540747
0.022878727342707354
0.02281644064066877
0.022747895704667943
0.022570083983945635
0.02256657682220267
0.022517122462444066
0.022348151393692228
0.02229594067149188
0.022171179774290044
0.02208289325346436
0.022061660391154883
0.022102193133483498
0.022053652882218833
0.02197632667722578
0.0219865455780446
0.021897079593557717
0.021820315645577185
0.021764298966346417
0.021749818645064433
0.021685447880971702
0.021661152858334465
0.021692240606549396
0.021657235402687117
0.021902743684812643
0.02189546909246818
0.021887552885065113
0.02199061996169871
0.021818016843231904
0.021754010652487443
0.021682184998609997
0.021665059640131528
0.021643585827715053
0.02164535915867559
0.021610942723879575
0.021671634951480105
0.02163826441959406
0.021624367349673466
0.0215756684580409
0.021541285912182948
0.021531970845689103
0.0214982216667625
0.021494163045315824
0.021509048212819702
0.02154651080653946
0.021545911702447497
0.021491151162958966
0.021486070725951326
0.02146613604954475
0.021485762772065674
0.02145185525917562
0.021418494027917706
0.021420473690634833
0.021356889609066294
0.021363579550540603
0.021317289895628675
0.021317697105610208
0.021155097216118676
0.021205558261846214
0.021169296381035794
0.021088777711662184
0.021000479186041626
0.02097650688214066
0.02097899328459675
0.020973963933584618
0.0209069702701444
0.02084993554822649
0.02076196366195361
0.02076753004812995
0.020718947663716014
0.020721426900436386
0.020572711555558686
0.02054240003123631
0.020527822052179224
0.020470526501007523
0.020493509781140274
0.0204698627563301
0.020495820635156852
0.020465224690874573
0.02036007193766382
0.020322062567818648
0.020260854051475853
0.020235271470803194
0.020168064094126928
0.0201597348282561
0.020199084326667106
0.020210522620077775
0.020137176392058878
0.02001909828137131
0.01997917601444001
0.01981099450841186
0.019749800331219508
0.019740593177069155
0.019690787655022166
0.019627892228161022
0.019582474573834014
0.01959767538727145
0.019479129585702148
0.019351682773422772
0.019328875095398924
0.019363543371325186
0.01935146225766273
0.019319823072490243
0.019333026340679273
0.01931650091883625
0.019239119659171192
0.019111123831243748
0.019066319845158483
0.01894938668829347
0.018954948296982473
0.018854196516801428
0.018844350431259826
0.0188986137417758
0.01886584390197605
0.018816740543982757
0.018731136020223117
0.018591193955083744
0.018583583142489327
0.01856669688552577
0.0184914205795802
0.01850639257890514
0.018457930017393136
0.018445595867013147
0.018342040187918483
0.018312373061545248
0.018293978449692043
0.018199068385953338
0.01821100768428098
0.018212290893458126
0.01819536825680556
0.018182201825912993
0.01818580162576951
0.0181907295632298
0.018186465328282032
0.01816566811011217
0.018144360218993228
0.01812084668474112
0.018067951175649945
0.018037586464499877
0.018020160425167086
0.017966146159943852
0.017960972273080054
0.01795172438350551
0.017983700765615396
0.017849533202109916
0.01784084387714352
0.017765276921296425
0.017767137643732528
0.01775568520566121
0.01771234494154343
0.017695373684607413
0.01766553959823917
0.017662683589158158
0.01762144039202336
0.01761103131551184
0.017586045260052596
0.0175733606408356
0.017501238799483426
0.017404035702193645
0.017370514935189697
0.017398265815245863
0.017384419582042978
0.017413770398147736
0.017352874052455943
0.01723309039475659
0.017229657420352783
0.017266291687411835
0.017227728276956854
0.017201409650004544
0.01721851172767173
0.017172541778023444
0.01718316853060585
0.017092648455872238
0.017085429062662565
0.017094970687350493
0.01704718775610502
0.01700703832333567
0.01696654545991758
0.016948305146046845
0.016895403070979767
0.016851222614323015
0.016835561281875647
0.016822725459232142
0.0168062950783438
0.016806890381561784
0.016789060832981782
0.016770010176091265
0.01675236375059184
0.016672506064471883
0.01666052558606446
0.016506833235372043
0.016437511315421913
0.01642038453673978
0.016411954885959385
0.016293749157500242
0.01629894637848355
0.016243157938050652
0.016137815658456508
0.01605210991095791
0.016023666139943403
0.016027501861478288
0.015931451929486036
0.015833470925408696
0.015825641500555737
0.015829229416218612
0.01579844459891462
0.01573387514961526
0.015703413500669505
0.015661139866679347
0.015645087240472564
0.01558072045761505
0.015497156425149898
0.015531545849099637
0.015450081228727512
0.015342415547048559
0.015303910001156251
0.015290280791780563
0.015255642207093066
0.015176397364774141
0.01509693417301643
0.015076632923679882
0.015049112212895118
0.014984452955301956
0.01486696326224865
0.014784716602873818
0.014689512167782047
0.014645962728152002
0.014681363131149807
0.01467129729617906
0.014601113015900303
0.014578444790781438
0.014503711382791957
0.01443829809499653
0.014370009436585836
0.014317979475713697
0.014290766825291125
0.014286985722763382
0.014220140028565366
0.014146384759076596
0.014148757356136923
0.0141071712690683
0.014105765822665274
0.014029854457606392
0.013992792270070772
0.013956845129419533
0.013889045572611764
0.013828696515567113
0.013793708654032793
0.013794936193040779
0.013743866176012764
0.01370357418316472
0.013662014035857975
0.013592941875239269
0.013565566237710795
0.013514371234227147
0.01351707766939426
0.013524583742440022
0.01350541710065104
0.013412563867374534
0.013393439867155937
0.013364144353511676
0.013270955047421281
0.013181318286424241
0.013117012168643362
0.013068733282241174
0.012997186138629125
0.012961065306489989
0.012930399509876265
0.012899476460896469
0.012877338422025372
0.012904398232857292
0.012829063648483467
0.012764894334081015
0.012758767985825346
0.012774915276323259
0.012739024047037426
0.012737642238864009
0.01265658038775778
0.012647190384287337
0.01263216332813941
0.012627763986609936
0.012504590322089072
0.012455153695288483
0.012421587611254175
0.012390454001663252
0.01237451295494742
0.012310731246664399
0.012271604186756133
0.012243106568805067
0.01223029429753455
0.012225629323344632
0.01224378667534342
0.012235955610128857
0.012210988991003738
0.01213211566610568
0.012043011074090873
0.011976098340048506
0.011905415657806812
0.011871070927138648
0.011873356590724936
0.011847004942829953
0.011823137657883424
0.011707588593063839
0.01164183872847473
0.011619738086616328
0.01162017895459097
0.011572523631035541
0.011559190022044568
0.011531429724907661
0.011522980314176626
0.011479670742995067
0.011426820256467476
0.011334687063903288
0.011272166134208951
0.01117679087761326
0.011154676222716244
0.011130972534700087
0.0110908610409216
0.011026538671601463
0.010955582499042351
0.010898801211294691
0.010864768597534368
0.010804929879609751
0.010812763809332054
0.010748945990508036
0.010734387219434777
0.010612447355713598
0.010573443789429496
0.010562895077374061
0.01055697015785819
0.010501061749388864
0.010465998460045329
0.010444223905958469
0.010388958723269351
0.01034281291440229
0.010287602687639865
0.01023255326609561
0.01022517452111381
0.010120226247809712
0.010077643231069482
0.010070505213422617
0.010046303610249335
0.009963576210000602
0.009940487852667558
0.009913492116977155
0.009895492897174894
0.009903109190310727
0.009842127377323245
0.00978641779882599
0.009711709600047051
0.00962668380812011
0.00959252471534796
0.00952453323431836
0.009511494997059366
0.009505505805656629
0.009480496754908484
0.009469913683838663
0.009437844579514167
0.009364830760486767
0.009356433706826279
0.009270907171050993
0.009275767278548924
0.009273198927743568
0.009213973005126873
0.009190220307140425
0.009190436624915818
0.00908406212194684
0.009091290381617528
0.009027935849590801
0.008937405209433934
0.00893628902246392
0.008913492824594861
0.008853706657464048
0.008836044292371694
0.008753134581080874
0.008696125261764255
0.008677996207283408
0.008616012730731096
0.008587956637977266
0.008529198958049914
0.008466855929939298
0.008391076399640693
0.008349782124851279
0.008284760040494549
0.008292514646470595
0.008220156065882134
0.008178822271266987
0.008114043819119714
0.008057117812206431
0.008005316242051261
0.007974387177221428
0.007938695213398782
0.007904801997697185
0.007829804997308986
0.007770597907737232
0.00774468596183604
0.007677099812328323
0.007668486187919405
0.007672044206114072
0.00765637124781199
0.007605436156077423
0.007561834338630619
0.007555013717893083
0.007552671299666386
0.007484946316061164
0.007445287423804962
0.0073891305175655935
0.007372654974674231
0.007279946145294134
0.007215064389738865
0.007132123652419437
0.007104944206452097
0.007078196087817578
0.007029778063675792
0.007001712774417284
0.006994338568781552
0.006977848301259944
0.00695892053125508
0.006894316545562299
0.006834087387629686
0.006783912342743519
0.006787211554481747
0.006758846196552717
0.006710716449531733
0.0066806790114861386
0.0066715539159452174
0.006652669526901336
0.006638181276909983
0.006593746685858846
0.006587471913491667
0.006572687367096521
0.006564059668807584
0.006543859763629095
0.006495378462958865
0.006427718948286909
0.006358417678539497
0.0063530736699428225
0.006350480534660558
0.006339675932001687
0.006283247746966062
0.006241596829143035
0.006174383218107474
0.006115210350022639
0.006097401012197453
0.006091209247676318
0.006018590555517721
0.006016273080909479
0.006006339614883215
0.005998783106431783
0.006001985793768546
0.005940366515434879
0.005869755713032772
0.0058430043929343315
0.005792262556679273
0.005750563610372185
0.005700265861968691
0.005636912718676833
0.005592964851509001
0.005586831573080985
0.005527206975594669
0.0054943821211688795
0.005448667822134921
0.00542557524689517
0.005399292891015182
0.0053958886392691885
0.005315459391805013
0.0053047569500958265
0.005253021893887329
0.005189083668704764
0.005124161726823707
0.0050651178877777975
0.005028482988344157
0.004975969216424315
0.004963308615863369
0.004930142858848709
0.004860039748671471
0.004823316839366612
0.004805984747207839
0.004768822825873728
0.004729817838579221
0.004695183400373237
0.004655261177926557
0.004627123375628402
0.004611093865702351
0.004608511634201667
0.004563085678795663
0.004553133214360327
0.004516677223931979
0.004505254884057923
0.004490197012126447
0.004488514882596685
0.004440759331770225
0.004407351440643959
0.00437172649902015
0.004372157854696526
0.004370414427423546
0.00434804559969301
0.0043472754237823055
0.00433012555751987
0.004307533648979637
0.004263505380605299
0.004250925970456479
0.004233261206127894
0.004204958901531793
0.0041792349418193295
0.004137168429832576
0.004103993054941073
0.004065031037621804
0.004033936207510053
0.004026601811862059
0.004025866915331633
0.003995103949152817
0.003974522380002916
0.003965687406840879
0.003960088767727388
0.003941825380052789
0.003908379709461612
0.003873706887539137
0.003870549549517054
0.0038548348179653887
0.0038432136609549217
0.0038152920644168903
0.0038094143554470426
0.0038168010057180388
0.003782923226155029
0.0037527810794059863
0.003747513464376915
0.0036784305224920625
0.0036467044729136997
0.0036435757597091463
0.0036063289002952774
0.003587971626932242
0.003563818447722975
0.003554136279119048
0.003522093609103234
0.003494394459644295
0.0034800431671625207
0.0034645684182435057
0.0034501823500411124
0.003450422840618265
0.0034255969911427637
0.00341870734115238
0.0033988119103428886
0.0033779958340536802
0.003377707451585703
0.0033709566354406875
0.003360262057618943
0.003355200953876646
0.0033456942967998405
0.003330774907793192
0.003314000927220065
0.0033112408592214345
0.0032941423041373346
0.0032954218268785407
0.0032751389551330754
0.003262540098022905
0.0032627265713295523
0.003245392564715011
0.003219485768098804
0.0032092931738697135
0.003205413249970821
0.0031934088836906654
0.00319046454846558
0.0031884626081721476
0.003185887396156564
0.0031787787604916212
0.0031624263753755105
0.0031600176146700273
0.0031430722366397705
0.00314396183876902
0.0031423454666262103
0.003131670118871196
0.0031203476418172017
0.003118994541328603
0.0031110885157633983
0.0030931101463662933
0.0030857841714049226
0.0030836827673959596
0.0030829106963478447
0.003081926190138535
0.003073700347843526
0.003055746758144426
0.003047854943798463
0.00304455496154356
0.0030355816854899078
0.0030301100818385337
0.003023648455300739
0.003023928536721599
0.003023398723660929
0.0030152920598071555
0.003013815957969589
0.003013433659531841
0.0030114511699449852
0.0030021125130156026
0.0030018690640790683
0.003000295403739542
0.002999765424525901
0.002998576094453265
0.0029948224887076063
0.002995030026723481
0.002991197709118147
0.002991147701766343
0.0029911238528248043
0.002987269964678891
0.0029843856051716042
0.0029833873804508484
0.0029836343516605746
0.0029835452030585563
0.002981621986110724
0.0029809681195693476
0.0029803915414428808
0.0029805990084407056
