9.021065243079203
8.920406040810247
8.883471718088074
8.577880231687566
8.525499177656357
8.317080978718376
8.155183518372988
8.0719189089201
8.017891473691293
8.015025151852038
7.943800912331033
7.931871652178919
7.925334723519141
7.733284841706461
7.673262587899074
7.657749516755218
7.622145091036234
7.605479868361651
7.438780794984252
7.326564958595361
6.572059334784788
6.162016834958036
5.682622545952977
1.1452779036204364
1.1349831765772231
1.0541846380561963
1.0507073198103347
1.0411817723630417
1.0170856603391374
1.0011556722743755
0.9848092142095075
0.9820650774379064
0.9228536416367432
0.9220754325587934
0.8985772900198282
0.8279136751669184
0.7444985095042416
0.6895234957546624
0.6880399906307754
0.6848839535059892
0.6334659007124914
0.6230214932215559
0.6136797790158862
0.6101355262129581
0.5959383256409542
0.5749861809091137
0.5716607810793627
0.568593665029264
0.5679455571110101
0.5676672188542775
0.5653440782688518
0.5645600008679004
0.5526910892331189
0.5347082734476637
0.5242629558218983
0.5226857020822181
0.5189510833915741
0.5157147211242064
0.5141187534386646
0.5129080560932592
0.5078738887362415
0.5054188972640501
0.5050356432779328
0.5025550181700794
0.5011566509332833
0.4928995686968123
0.49278650246374067
0.489650569688398
0.4890967967211181
0.47549915535882226
0.4621515855697845
0.4616270864270912
0.45509488047359764
0.45025065554911503
0.4385150808749064
0.43710547833885033
0.4311425560273397
0.4270885357793809
0.40782461481626325
0.39416117488000024
0.3936128332107718
0.39318029592044584
0.39238172395498794
0.3906049382686674
0.38082685755573376
0.3714161835419108
0.36880050951238147
0.3669732171943731
0.3652561853623814
0.364522294300143
0.36370971291469917
0.35701183663104574
0.35434083397848065
0.3538489958610158
0.3521197756507125
0.3459179771814756
0.3444521674828123
0.3429965633798112
0.3417606360256126
0.339680772279362
0.33506097765561926
0.33039644659075446
0.32995290447335346
0.32762042757713816
0.3235432653213427
0.32176834097209983
0.3164027891171409
0.3155149677774978
0.3140535160682339
0.312518539511884
0.30997765267475014
0.30921762219336235
0.3067627375453533
0.30618899305361785
0.3027836861631101
0.2997313557923769
0.2960156998045034
0.29371290808397527
0.29336235455339316
0.29329013241120305
0.2847409561668515
0.28357673840157266
0.2752455961653837
0.265813974385807
0.2645193923487659
0.262974775096916
0.26295537575899686
0.2611015153636107
0.26100207879945075
0.2589016187261874
0.2586127298738069
0.25845828535359155
0.24656298728273143
0.24540880107539104
0.24356805188235267
0.24095506555373747
0.24023573495297143
0.2347303278514508
0.23276608582112113
0.2303288139023622
0.20753901490913906
0.13658066222878104
0.13617728488845324
0.13617351092800284
0.1353720259754493
0.13507227633861726
0.13360519517772956
0.13313004520628352
0.13299178440689916
0.13156322722490738
0.13106308143743484
0.1308505013019108
0.13046320427761665
0.1304600618598256
0.13042007190391927
0.128922622074117
0.12690817060268722
0.12684340486809392
0.12672583801437712
0.12622263064387995
0.1257043293178557
0.12494105463526593
0.12407526355677001
0.12374670639446649
0.12370368116435328
0.12316680907588831
0.1228291932690968
0.12257984360299141
0.12181744544105871
0.12180395504684569
0.12175121063243093
0.12171618173413754
0.1213311881845155
0.12116321044275798
0.12087762109108699
0.12084972971599914
0.12055670359813206
0.12012692704650708
0.11737418967695816
0.11585647874727452
0.11564283264227729
0.11549781361613437
0.11488590337115329
0.1147347757090985
0.11448951066985275
0.11435056517264805
0.11421992750824968
0.11419373862801167
0.11412447519747863
0.11342202227776549
0.11337351941978814
0.11268201236160251
0.11266980779427754
0.11222343819049405
0.11206031676244974
0.11159342855165964
0.11120766665253289
0.1109513717275279
0.11063005083853195
0.11054208116366361
0.1105357286558737
0.10949195589647516
0.10935104476261011
0.1092551362810429
0.10918967289389196
0.10881789432908023
0.108808488707767
0.10861204133633007
0.1083679709563971
0.10824657552738548
0.10819953066540132
0.108162987523931
0.10795505654964382
0.10778583234596575
0.10771986130521885
0.10749857328990794
0.10737893619560297
0.10722865937635141
0.10699587203354011
0.1068826322332147
0.10678143368157635
0.10673399496264342
0.10653469332078652
0.10644844896633361
0.10637386117277933
0.10614016469585212
0.10607619779197215
0.10606993951424601
0.10596659173656352
0.10554231576323277
0.10497785718339185
0.1049667715624245
0.10488795135162239
0.1047611569464323
0.10463507779743252
0.10455344769411057
0.10451844343595101
0.10421464722320328
0.10409858835306542
0.10385773304393763
0.10338495351205457
0.10318053661624417
0.10291679578283401
0.10282258743699789
0.10280317594430151
0.1021164621725087
0.10201981977096115
0.10192813073407161
0.10171646131631634
0.10160061017080382
0.10094081721447147
0.100913255854928
0.10079819010511672
0.1007906647078468
0.10073501065856298
0.10024463530508364
0.10016525977000265
0.10013457757149967
0.10004934013194029
0.10001051560747651
0.09968990985961375
0.09967449767177604
0.09926666362339695
0.09924967858508142
0.09921066494552841
0.0991573246202167
0.09903091918187493
0.09836636054408437
0.09824629545809274
0.09819126549681441
0.09806480518295832
0.09804084840489859
0.09788527714430233
0.09784993671998479
0.0978152144338002
0.09770779767631013
0.09758579491017265
0.09742885851157465
0.09726541706135776
0.09721889571392346
0.09690844701020548
0.09675789489598115
0.0966075035335397
0.09597602998002837
0.09580097406394551
0.0957689941181535
0.0955909858275476
0.09544747431751598
0.09543111892366786
0.09543043707058031
0.0953387058537201
0.09529366584499027
0.09524543344250952
0.09522169606129018
0.09515410460878519
0.095109501617858
0.09468623268167055
0.09446655871341655
0.0939268925486808
0.0937807552298672
0.09371802232494297
0.09370091616799203
0.0932073884243819
0.09309487463665357
0.09307689450175903
0.09295308123317571
0.09287500460955243
0.09283445874972636
0.09241610139055095
0.09239678683319115
0.09235887740799478
0.09213801071351425
0.09195573136665765
0.09193246477847032
0.09187707349120947
0.09179742060243859
0.09178522492452318
0.09175271732527795
0.09156841576688234
0.09153781713197569
0.09152573368924011
0.09142207174048442
0.09129696745882612
0.09100223377329769
0.09086841832732705
0.09071382128985128
0.09069164503175753
0.09066787260164312
0.0906590541072795
0.09036864586350689
0.0903551838321485
0.09028218491240159
0.0902042878435952
0.08998256829063278
0.08965552389641432
0.0895769227820291
0.08951188701569471
0.08948226667170996
0.08941216062630919
0.08934226044037513
0.0893375457049544
0.08908132439472674
0.08903029158403748
0.08873075442261637
0.08865622491252717
0.08862831815020601
0.08858691263214202
0.0885636893505591
0.0885393071971699
0.0884564457071267
0.08841095653358867
0.08838309910599937
0.08836748674538478
0.08832691633204905
0.08827504265747467
0.08810578004257531
0.08809725018641303
0.08807828949448933
0.08801335997134056
0.0876998582950165
0.08745540784257697
0.08737149680627174
0.08731123292658446
0.08730520400313697
0.08725670112132597
0.08696473699144097
0.08688267477993279
0.08655565857490806
0.08650862674629779
0.08642371474132905
0.08619282565971012
0.08618118890384119
0.08611790959629845
0.08601193301980362
0.0857944675770034
0.08568579008927564
0.08558044675545681
0.08545715701495268
0.08543656412584832
0.08504260744277166
0.08493091095222026
0.08480760771331289
0.08479044107119658
0.08473189737301658
0.08462403682852664
0.08417040555680823
0.08388342006928325
0.08384013802370482
0.08375567841140946
0.08374850261200974
0.08362418276037357
0.08347242352263214
0.08345250345025379
0.08323635564867897
0.08318638250656239
0.08307674279361754
0.08306943767540677
0.08297287767489182
0.08296550318865736
0.08296261859417955
0.08293127347050974
0.08279610573886932
0.0827513889535925
0.08264863934795982
0.08252769927473436
0.08246168813152464
0.08238011536860113
0.08226447139359662
0.0822110638892216
0.08205085086342552
0.08202707841831779
0.08197634505967477
0.08190629651876763
0.08189948906583214
0.0818427977311569
0.08176056986531681
0.08167807568672325
0.081639591880014
0.08160182042769107
0.0815381782908579
0.08150151770989524
0.08133657214702705
0.08133188112701994
0.08130763326553554
0.08110027632367962
0.08106365579462263
0.080964751460803
0.080686896777407
0.08067045682365957
0.08047829506459259
0.08044654137862656
0.08025527125163705
0.08017345598373245
0.08012439142855264
0.08005296839339582
0.0800491770719563
0.0798517664769195
0.07959563056551629
0.07948625590114791
0.0793322869177482
0.07929775148478099
0.07920737338966437
0.07909504457768103
0.07909181693916145
0.07898904987685428
0.07895223073065677
0.07894727106118667
0.0787890884450353
0.07877520443290416
0.07872585017557437
0.07869948843915943
0.07863454922594164
0.07862007766541577
0.07855100948923416
0.07852454084759251
0.07850504887208604
0.07838584090817258
0.0783780980162865
0.07804987370058315
0.0780088622291021
0.07789257483329567
0.0778052850399119
0.07772731074780118
0.07756428353867865
0.07755144901053847
0.07744462851366807
0.0772200723167442
0.07721054552066617
0.07716606254747331
0.07714817667963308
0.0768032637338859
0.07664176477933209
0.07658040347062949
0.07655837902650404
0.07651669881567043
0.07645291112527998
0.07640384431543426
0.07625014045083542
0.07606771947707752
0.07604432328020903
0.07602736435693931
0.0760208604984328
0.07597233435248013
0.07592962743531634
0.07583238591148778
0.0757599080189329
0.07572609713789359
0.07569732190129763
0.07562343098793912
0.0756223670375624
0.07555573693184604
0.07549522116615831
0.07530650538319561
0.07529068283176575
0.07520964444280268
0.07512986903025957
0.0751101278615493
0.07506460237724377
0.07504719574119977
0.07496416125076855
0.07495109730067069
0.07477641203238156
0.0746901915638053
0.07443929780078219
0.07438436656089045
0.07436868581885886
0.07430060321146505
0.07425407995839726
0.07423640378637349
0.07419991030503524
0.07419119151752092
0.07417306263365704
0.07415311407223897
0.07404418083975461
0.07402723328162152
0.07396835500130962
0.07393637685301312
0.07392530775251235
0.07386312263586373
0.07383949031477363
0.07369084016759284
0.07366122160685716
0.07363466710565666
0.07354284193895504
0.07354101198346344
0.07350738878436469
0.07342262198501029
0.07341501771430693
0.0733484595951542
0.07328234305760452
0.07322012538177938
0.07319500015308567
0.0731152657300067
0.07310992915944828
0.07292967852893498
0.07292553333506137
0.07270850196541126
0.07270387966681482
0.07265672982834293
0.07262568588461332
0.07260760743998489
0.07260050912942538
0.07250273518678783
0.07233363895769121
0.07203536986950916
0.07193093966961382
0.07182374999572666
0.07176389549116126
0.07167333859785623
0.07163198010055755
0.07160546025396208
0.07154352336189841
0.07141969711565463
0.07133015271065919
0.0712621253551568
0.07119144734693908
0.07105826111526914
0.07099761033645853
0.07087146291390138
0.07074453820767461
0.07068604595802208
0.07060582709144853
0.07060090851960159
0.07057999582224589
0.070579291109598
0.07057469022824131
0.07052592786045091
0.07050913468075769
0.07047758171103463
0.07037426346718495
0.07033017843487492
0.07029263750187019
0.0702168681677765
0.07012245914469006
0.07009779369119135
0.07009719144128171
0.07004573324150673
0.07000567180608633
0.06999156871821816
0.06999008834657826
0.06990249322624038
0.0697123988251771
0.0696982444483621
0.06965850190654257
0.06962020098952612
0.06957279742710762
0.06957214665828121
0.06954752644909284
0.06947528711737655
0.06946889503506902
0.06939749844130952
0.06933762385061813
0.06907671453527564
0.06897439577473824
0.06891502309593657
0.06878841721082038
0.06877867644603937
0.06875623271199226
0.06874180829930746
0.06873150785428564
0.06869568621089632
0.06866859868349161
0.06863270812799255
0.06862643657441572
0.06857815634459483
0.0685334123317932
0.06840808963688585
0.0683738177186759
0.06833484434342733
0.06830070618294355
0.0682670522423822
0.06810290466162017
0.06806054129175126
0.06798105903151293
0.06797545259890465
0.06793827441159547
0.067899541920485
0.06788370136360548
0.06786023381517478
0.06782611728052222
0.06778885382742278
0.0676330936112887
0.0674743568962575
0.06746854804829142
0.06740509739763466
0.06739297634675152
0.06735868324298469
0.06732442313662532
0.06731481077721842
0.06731263192251892
0.06721071281248686
0.0668777591585013
0.06652793184483172
0.06650306127085907
0.06649849891729276
0.06643928963227237
0.06639075925600718
0.06636296499688824
0.06633186102344438
0.0663159959059902
0.06615883958806504
0.066069665815066
0.06606487038221154
0.06605819120256456
0.06605126728175914
0.06596795023544039
0.06593917200071622
0.06593606227601734
0.0658058745686755
0.06577683656847784
0.06567618400820094
0.06567289002055578
0.06565030256663539
0.06564566847450626
0.06561583702157396
0.06555450441397882
0.06555015919085955
0.0655201418060721
0.06535833927910305
0.06524335179858512
0.06512589728163996
0.06511886124374716
0.06506499573187441
0.0648265076645717
0.06469778918927076
0.06468902426444594
0.0646082610454962
0.06456457120517944
0.06436794586438455
0.0643349011885324
0.06415145236221025
0.06413160494872028
0.06401155427089701
0.06395718600028653
0.06393359717677867
0.06393066138469813
0.0637931373178693
0.06372126001402724
0.06368612992791856
0.06367765209385844
0.0636470177701484
0.06341148241741602
0.06337747160848034
0.06329634707619654
0.06329612273594118
0.06325458933425814
0.06324442234006668
0.06304047932149684
0.06296358566269324
0.0629476697951462
0.06292843766980594
0.06292163647450304
0.06289858760461726
0.06285950397241967
0.06285357331118255
0.06278617867875479
0.06276256722680132
0.06272504771591056
0.06267839367211682
0.0626100143473269
0.062369689142542754
0.06235488466993042
0.06233214845461419
0.06229909258734893
0.06213753504736357
0.06204794710298078
0.062016983726620616
0.061981839937167826
0.06186801801723507
0.06185583264571337
0.06177794026769742
0.06174170219652176
0.06173496873181657
0.06171622560491976
0.06147298823374014
0.06131962363801978
0.06115259105041126
0.06109566171821789
0.06100639401222189
0.060960454586475615
0.06072382456276387
0.06068849870010726
0.06061500739289497
0.0605670429720059
0.0605640700900694
0.06045636688884106
0.0602829705274395
0.06021524508955685
0.06015608292147066
0.060137421520383226
0.05999317871685587
0.05988688576064833
0.0598393882069595
0.059825219523000336
0.05981978543705772
0.059625226140122445
0.059480722685141006
0.0594634159277496
0.059381022596531365
0.059239129853613195
0.05915531845214882
0.05898448647342363
0.05897963774929513
0.058904370531558635
0.05876460827412345
0.05857691708809866
0.05855470124014987
0.05852534450412672
0.058342650961065626
0.058327516882936074
0.05817678749477204
0.05808635350736923
0.05804311962899217
0.05798438617165501
0.05787730519987335
0.05777787625103951
0.05776952377902929
0.05750419208631347
0.0573922950573761
0.05724258970652838
0.05714799658753482
0.057113939122785735
0.05700947696249659
0.05698089226285783
0.0569688463547427
0.056838382338531133
0.05679604333993048
0.05678899858068132
0.056781964199854706
0.056647094978996324
0.05661623728363016
0.05654741561789367
0.056486605992301375
0.05631386748361355
0.05623607802690155
0.0562062397789817
0.05615362409955123
0.056074381333435556
0.05602372768488967
0.05598013236986762
0.05589254273979567
0.055832505209641684
0.05582247737178823
0.05574994044497426
0.05570774851215458
0.055624811823825504
0.055555581608892284
0.05547238852205391
0.05526147898844816
0.055246989650100796
0.055221588663535895
0.055069583441314005
0.05502009233451486
0.0549576025808439
0.05494487214848578
0.054836725090565315
0.05442311818668814
0.05423439552592223
0.05371185795496429
0.05365689046597482
0.0535903368892634
0.053319244681121175
0.05322288667242825
0.05321124705595202
0.05321107074040837
0.05312326153289225
0.05296456903613573
0.05274833971554516
0.052733273806747735
0.05250690058978409
0.05244635701259589
0.05237670845512143
0.05226494009418404
0.05217020979240067
0.052089185695376926
0.05206752033194046
0.05206534567294297
0.051972020195460156
0.05194045657312416
0.0516092926342728
0.05160231299354561
0.05158985896185646
0.051549131053563846
0.051510173115437256
0.05142693602220332
0.0513605289445291
0.05132955654454027
0.05128749042137526
0.051227902184408675
0.05120462209864138
0.05119960964464725
0.05119013930704842
0.051174332146314706
0.05103620399790832
0.05097748810696697
0.05069663922858638
0.05059151494093441
0.050519141626815346
0.05047591621546128
0.05038080244005985
0.050295776085012504
0.05015371067044496
0.0501111446626707
0.0501074747058261
0.05004258174733931
0.04992763182870306
0.04984634201725645
0.049829175040920506
0.04961195879495401
0.04960455875343374
0.049443251681518766
0.04930340225150435
0.04922032118452763
0.04911012939743463
0.04906226481444689
0.048769504000603967
0.04873492951419711
0.04854845831736965
0.048517744939219676
0.04844601480951271
0.04841292364792717
0.048394781746186596
0.04827123943464548
0.04822190293742325
0.048139669548457616
0.048031507878941296
0.04800862868876753
0.04798268737726891
0.04785015861589328
0.047469793087947965
0.047089516819415984
0.04696341212643651
0.046901770646617394
0.046740550579752425
0.04673515935375536
0.04670875101097504
0.04666130795003573
0.04633717324418861
0.04633672646122276
0.04630829008311058
0.04595131315797491
0.04571463092895199
0.04557734169916508
0.04542529268292277
0.04540154035839787
0.04538412232245897
0.04505848540760401
0.04502320286467149
0.045012915250108344
0.04487752495675715
0.04485713245306079
0.04482212556477544
0.04456637075284274
0.044260713957192915
0.044136698333297364
0.04412304513822408
0.044078397686649534
0.04401951602555289
0.043975665495127186
0.04397063812951706
0.04384869941906603
0.043813896026523566
0.04361949220672919
0.0432817970452201
0.043124433732180785
0.043105861511822316
0.0430378080342019
0.042960018734499866
0.04277921394047607
0.042702818670724625
0.042674878983625104
0.04266741302984864
0.042664106453036324
0.042451704446406356
0.042389578072027714
0.0422850614595801
0.04214811010477042
0.0421023184992939
0.042038662981125116
0.041893126447159375
0.04188412939264112
0.04174564299773939
0.041476360911983645
0.04146772192224545
0.04134215347926446
0.041103478643098684
0.04084336565848352
0.04082550659639445
0.04072096560485228
0.0402969109973659
0.04012177541478844
0.03990284586243183
0.039681186510816945
0.03954761447797028
0.03934108692782227
0.03928730618318208
0.039233311004218466
0.038741760620855624
0.038441910574424684
0.038375409936346715
0.03837512197474825
0.038358244294832894
0.03822373411653573
0.038155611591201816
0.03813902849543802
0.03800103716584359
0.0375996427924008
0.03730836188986876
0.036922269469426255
0.03687476207063104
0.036818537837373405
0.036674440620874854
0.036632394242930244
0.0364603205922792
0.03644620145548773
0.03608957406381419
0.03561545852501469
0.0355425664959663
0.034348518286579005
0.03434265685688176
0.03429619105516486
0.034251345464193776
0.03365448319040469
0.03343471994864224
0.0334126608189261
0.033319549397129035
0.03329547696772443
0.03293279138195653
0.03236498001164653
0.032259308132749194
0.03208919345058625
0.031997233596027366
0.03171874834285678
0.03159019159854312
0.031519026478141914
0.03142369420232995
0.03108241559607523
0.03079033500330479
0.030747090138956035
0.029727648440233585
0.02967076541501237
0.029214823115714904
0.02912087011958826
0.029080703665305983
0.0290549956343166
0.029019766151828323
0.02890587081565104
0.028886724770100663
0.028788899444822737
0.028663143443239798
0.028528439735499733
0.028318450003254204
0.028131251325045983
0.02800487051828328
0.02794426995936044
0.02538842584093523
0.025080830385935206
0.024511619912522684
0.023743120400423964
0.02306856158847451
0.0229308904364297
0.02277835404412226
0.022118399834814336
0.0219011901796596
0.02181330688687772
0.02171523333527554
0.021106926319452542
0.02109880328678282
0.021008034327553462
0.02096461877498065
0.0209514307766967
0.020451854047151597
0.019406305893957514
0.019156372913850476
0.01722526770584509
0.016695875767610502
0.016036837619575174
0.01569266172751161
0.015086861854332799
0.014957051279200663
0.014554767469388065
0.013656454683679497
0.010771070345177595
0.010744314041220011
0.0
