0.0
0.014046120193277771
0.013031167758503093
0.013054265760404237
0.012903073396501472
0.012967470046516147
0.012482760853971596
0.012402676344796365
0.012584714385610816
0.011180661048865715
0.011811669060003449
0.01194162290412012
0.01110519538895181
0.014293407086934903
0.012738376680788267
0.01122179177017713
0.010909895430444
0.012580487205522675
0.010400183073114157
0.013369521836604168
0.00972802252430609
0.012989485841830016
0.01153444015847351
0.00996624369250291
0.011889435082712882
0.013877318972383576
0.01042606931379949
0.009965069722994886
0.012256205098216016
0.013340014689588621
0.012077755974735056
0.009006291962624684
0.009454891863528596
0.011704127688176715
0.012355768963667158
0.01119196142822928
0.008783932165958784
0.00845297251372328
0.009404630966845136
0.008992521157310475
0.011027654252196147
0.013870337892421848
0.010793568010343178
0.01063086112671571
0.010944710665572477
0.014371729037689388
0.011656759791358206
0.010646726799899697
0.011655222154875638
0.007652016255450049
0.011548668256955401
0.01265064719445618
0.008032155398976986
0.011954943611846071
0.012879225833849586
0.010082413350507108
0.007755867960348653
0.01000792673071806
0.010037112457179642
0.012072596623812912
0.01446636780636774
0.013568806403844504
0.009861066947459241
0.014555782691069332
0.015358333109481256
0.009500493055899183
0.008192096851237578
0.01217410035483077
0.008384064600374743
0.007851678469192616
0.014061677030203643
0.010627617519311822
0.009426637785523292
0.015218974380876441
0.009362414387804415
0.00732238110673882
0.009789179496248846
0.010967408244458215
0.011811393742439199
0.014176586048682313
0.01315788879766321
0.0068960383062774055
0.010348315782302624
0.009848614260282003
0.006945060910026007
0.010095311678259293
0.010176094907631337
0.010777534598531894
0.015916482842001988
0.010156193333560187
0.010325298249385524
0.013418218474860034
0.010879938928207909
0.0067645543273143404
0.01156708659141398
0.008725705465127189
0.010830037677125351
0.009580896231220104
0.012314637965472016
0.005936110357120813
0.008585887807361586
0.009643322273757941
0.013698023305525593
0.016862881273122222
0.013890255944585749
0.01487998296675581
0.015270042193528802
0.016988539545839513
0.01336358816922645
0.00945452974058097
0.009006730465706566
0.013468435924705998
0.006137567149400254
0.01250315691320761
0.00687404351284152
0.006649834875642585
0.009724551241448599
0.009035748740069143
0.00932260117389822
0.009847373825367474
0.010853099107018335
0.009252973821183043
0.01038879691363096
0.008006644218372985
0.01522863359979483
0.00852330523343249
0.01227612171498748
0.006998058771046491
0.009660388180691502
0.008728439119781571
0.010576695382405184
0.015064199156501163
0.009404214729449707
0.007746517084129729
0.01406287053290961
0.012635912474454815
0.0058701343612846905
0.014633830651278667
0.008579600256983223
0.012964341473569247
0.011549427952430531
0.008427506624651814
0.007454142301039746
0.014481560400466612
0.009897305031416833
0.006128045444343513
0.00900731927385253
0.008360651221637058
0.00547453212130358
0.009358893188138866
0.008507791841981544
0.014472229446182016
0.012693110321433087
0.009597037520016454
0.012272566830663445
0.009344341052255884
0.00909204084623475
0.013103573242213569
0.010999916393825688
0.010724055339961977
0.01058269920546036
0.010483003192523474
0.009641168010034612
0.014679482928907242
0.010639254684576953
0.008572127895384519
0.00811448785455307
0.01397182457102895
0.01104895312797608
0.006002373754043046
0.0078003034357307915
0.004689503830653033
0.01257436877930373
0.008696532931047567
0.00806033774683213
0.008616721087315591
0.006901604403765396
0.013900173318171909
0.007254563720015584
0.01184149747989639
0.008278238145737365
0.011599611920138427
0.012312859205470362
0.010695518898841766
0.014286379764758403
0.005449437345368314
0.009496066628212257
0.015199285642176527
0.007641400482653204
0.007275961663593233
0.007071699469386908
0.009693238446639139
0.005544294781130747
0.005465263897740368
0.009883584483985944
0.01401594224961104
0.01005231314504838
0.007934206904607896
0.009716821556248886
0.01121281207935088
0.008089177683007055
0.008179553980490032
0.011660692138345112
0.010547425276687098
0.012979483632398044
0.010084676123073056
0.011123892505552211
0.0127871626305737
0.012796273272850952
0.010412359714067197
0.0073226664959634225
0.012052568237998515
0.00769273590532469
0.0069292230058713615
0.010575564658040028
0.008074541712098652
0.006945326830682804
0.006191779183247731
0.006264712261696503
0.0063628146559396555
0.00985996105065916
0.009793277915347256
0.0047283127468458214
0.009995814245027365
0.0069213843676622965
0.008924625668385287
0.0077396481071837315
0.008393767443114186
0.00515793215685241
0.00627139185106024
0.00997339851371168
0.008541197704789037
0.01122783745105328
0.007376616549876961
0.007705737747230213
0.010557377410586133
0.007514951911853731
0.010362168924220623
0.009801074251527183
0.009583267279661897
0.0062934354110348156
0.009646055172533067
0.012318212462692983
0.010429760747038549
0.006895221166861597
0.007027481229267402
0.009616125313760741
0.007443321956196362
0.00609314657207738
0.007155352315743355
0.012232592341264161
0.01273057857720341
0.006247605896589463
0.010234377344952772
0.006176377110514898
0.00594107115507783
0.009434300324230671
0.007452926430157402
0.007546518241013842
0.006441166086262987
0.01224299437096768
0.006354022504197538
0.008669032097031624
0.007020360076083465
0.008277182201038322
0.009635138555096229
0.006029935603991352
0.011183117912401
0.006809015411091228
0.008904720546038282
0.005764077365545057
0.013495765989978982
0.00761142383182224
0.009403632629146308
0.00882058714001781
0.00879970884047179
0.0063579426035109115
0.0070589997988944955
0.008413331669590247
0.008786290109533816
0.007634301499284464
0.006311799679384662
0.009475992899750684
0.006445696922724801
0.008614335976412812
0.010096511697909514
0.005272696636726557
0.005641455877756144
0.011451524723522332
0.00792040154643509
0.005859733251261207
0.0053426715043285375
0.0035548506798013207
0.0066616023291077246
0.0065302860458118775
0.011444031814110725
0.011457633833545998
0.011667447004892419
0.005519321689199289
0.009385193760352807
0.010706607592150284
0.010714275945873762
0.008707404238479906
0.009100941651087822
0.006437619367975175
0.005472663368731399
0.011078506350916189
0.007690623659602378
0.010223766771491418
0.01214992976483021
0.006256808393283108
0.007171835955451206
0.006814022377515151
0.006173577732322524
0.008252511277344254
0.00732123640987583
0.007377653225031208
0.004219334141331186
0.008847628489280376
0.004299703629291802
0.005430776907834101
0.005686417553607408
0.011898549755132862
0.006576110362538017
0.005233214406288191
0.009675136360135476
0.006435716426560506
0.009601228822250635
0.007780968598696171
0.008353477559342478
0.0071938236429500094
0.004894673139840462
0.005640675661557186
0.007440904170260614
0.006653632032338371
0.007578527446039136
0.0058957705609800955
0.007727858933963692
0.005850710326495725
0.006472368185094523
0.007370728710265414
0.009948344239976158
0.005279507131449839
0.005892431060112781
0.005643152340988112
0.008614786159818009
0.011893113634436464
0.009930374318738491
0.008435218194647123
0.00876259235394503
0.003756963138519937
0.01063458237227841
0.008022423982630918
0.008222021658830582
0.008478329830952605
0.005431289584871949
0.005716343987703799
0.009320260240530022
0.010252201642968892
0.009059917067021042
0.005927867728609097
0.005134653397830556
0.007053753592211853
0.006146313935505077
0.005692447609195715
0.006078474447648889
0.007261919715192458
0.00799517544295331
0.005810340656186354
0.008060296019365745
0.005131696351941156
0.005324377776828072
0.007837114753680886
0.010288242480420831
0.007967514420705226
0.0040548813185781775
0.0066215024519329525
0.005011315667018134
0.005108547018818724
0.008349030040825638
0.0057652094895852485
0.007122300991774329
0.011165303653359777
0.004410869582374023
0.00743903129250497
0.005695809885467252
0.003733672270350621
0.004447830556996689
0.006042170987396677
0.0036574698248483537
0.005102220367511226
0.009364328062398997
0.0083697936201412
0.0047588242702239604
0.0064111738990816755
0.006090184805644758
0.007244199991094282
0.006254960134148547
0.004701522191858514
0.007309877433123302
0.00440550778464073
0.0062407601939235184
0.007314795697533615
0.008188181209479057
0.004549852350340352
0.009922062655283889
0.0052548099167777544
0.006821209859535669
0.004683209783062801
0.0057395079484502155
0.007426681544745829
0.005567653801357641
0.004742842956693493
0.006599814770977369
0.004732928853146778
0.00382632109105322
0.008166276303324555
0.009153014324110682
0.005609048459900038
0.009972572972562254
0.009630481097405144
0.006767636435682094
0.005535886043195166
0.00834339928092373
0.006621154657769385
0.009804465970304462
0.004661712797693239
0.005203930883534478
0.004774809879116969
0.006345695947816845
0.006872830806776508
0.006597757802798391
0.007783573030666686
0.006118468096277204
0.004324402993252473
0.00392221928113526
0.005744537211720133
0.007018795732374871
0.004532422387855293
0.00466456253819252
0.007277266128404905
0.0060334876637365845
0.00696614669521073
0.007769267922175233
0.0038556228421448217
0.005878286993036081
0.004905700681228128
0.004788257908843046
0.004615505420321233
0.0039505784327349275
0.004644947450089343
0.004776091629528552
0.003525495288496585
0.005778176467056422
0.005267597968112508
0.003559674865863639
0.0067145924755216795
0.003521909907539594
0.008583289437782369
0.009724121038873355
0.0036190121410791263
0.006232127362569418
0.007574561209752176
0.006273659879064425
0.005798476278687205
0.003508455795257697
0.0036681641066004587
0.0038697453297570927
0.004584281225201707
0.0049822997402403845
0.005363076355185527
0.007390368603988345
0.00621890382090649
0.004584707849617183
0.004297079483687943
0.005492311340287463
0.005686718989949933
0.006741251869957387
0.00463140186101139
0.006317996507018895
0.004086846924544469
0.007488502250707024
0.002586675318538644
0.004895686695878395
0.004919357696570144
0.005693752603507634
0.0035205536044987024
0.006132081938490229
0.005978262950364153
0.005928548819215852
0.005530555033865262
0.004682609932629089
0.004791355705169879
0.006356913529220893
0.007402030571541426
0.0036104244160029817
0.00658881316557942
0.005113691438133608
0.0055286631941202004
0.0045445161012896895
0.0035709232501137363
0.007331596669060726
0.004792977430182742
0.0060931983119085105
0.006608544378553609
0.0029978426714959185
0.006240587253184108
0.003727843365036102
0.005018976673614614
0.007027074423123364
0.0031502422282423327
0.004079032756181055
0.006954219139837552
0.004814597046502596
0.00916277227885334
0.0047186408601967095
0.004625983331406269
0.004574677011908102
0.005772065619172429
0.005349802224962718
0.00527402133058532
0.00648387999340087
0.004278636299885441
0.003822263941422186
0.006468106680541647
0.007020146043558471
0.004354547434246279
0.004716544695670312
0.007974886455488678
0.004576999516760259
0.005736555410356748
0.006491030586384103
0.004557688990039953
0.0062249599008251735
0.003933380411922642
0.004234202594413813
0.003883232309955294
0.006236102746563599
0.005844283810349061
0.003983021486524149
0.005430985317632294
0.005899544507040405
0.0028186474286432547
0.006028165578254334
0.008031950806840136
0.004888371345185974
0.005883627894183578
0.004958589226624094
0.006554627207241216
0.006035357856094253
0.005805726034874913
0.005326762954147055
0.0055631372712036395
0.004592737357147386
0.00565140993030995
0.006210672409030436
0.005895972297568514
0.0060283546471085105
0.005986305649035229
0.005234738536701655
0.004621041198078537
0.004241642706445084
0.005748889683565225
0.006931677463336825
0.00515404962496277
0.005022020393650817
0.004770336526923089
0.003760203166469073
0.0050169442330872645
0.004528109407371038
0.0068921140466556155
0.004890311162807079
0.004943325972912853
0.005779105146917862
0.0062471436037779835
0.005581340128440287
0.004405338017297796
0.004925802392648914
0.005686484624306322
0.005211333552004251
0.006954006850335999
0.004928380898856146
0.00496979679591575
0.008114419633155387
0.005687745152666024
0.005168757939467844
0.00673629376699606
0.004934887892354428
0.003336147415039409
0.005552035503662987
0.005834785110115541
0.004754822851719032
0.004897754281528594
0.004464297983471671
0.005572890691511769
0.0041931397249597
0.006423882270975357
0.003776448052397114
0.006314482728390702
0.006061700222130461
0.004996793969471414
0.0023888195512362445
0.0062498546461051884
0.0043680690970886804
0.005390680248540394
0.0059284914234909855
0.005546618780570812
0.004658722730136984
0.005077486686557997
0.004630115156383542
0.00581888181186618
0.005305489805882713
0.0031403649530435057
0.004644487792403194
0.003458718436669955
0.002581693217499964
0.002817946816151377
0.005923817447031091
0.004539398186558169
0.004927419637211363
0.004829961120660542
0.0049317505724625335
0.0050275197957324585
0.002868786272925584
0.006053517283866178
0.0053146612096267015
0.002941850114817166
0.003918106648934
0.00499591646647352
0.003875317087099495
0.0049582349138850195
0.00528219792527706
0.005990414241757101
0.005102722848751704
0.004598989021683596
0.003913451098041769
0.00605463271931477
0.003988623092503386
0.005331781117421899
0.0038421979281377744
0.0027455955159977675
0.0031746478985300443
0.002990136202543971
0.002621762190222311
0.0041203510064322015
0.002857203004588717
0.004588812139770816
0.005185058033749991
0.005532901787478334
0.00557495894947206
0.004932986105981963
0.003916907788553733
0.004729974926826212
0.0025839337032737175
0.004452514362813986
0.00415663622561802
0.002938213731013023
0.005197574746927486
0.0025146536925237614
0.004849940290905253
0.004960189902810764
0.00410052499614411
0.0027525752792963314
0.0045179603946391795
0.004137352675617428
0.00467441723857261
0.003541786060701415
0.002591997602193264
0.00444061943717875
0.0049075245655218775
0.0026272620555257377
0.003853373529392106
0.0034927837597855857
0.004652976975106573
0.005383595368776452
0.005147515219553249
0.004501142072526046
0.004754961096722241
0.004107920597842456
0.0028491095709726076
0.00539115569062626
0.0029431414644544274
0.004633813681974022
0.0044879815492558164
0.00417578514293953
0.005267553720784067
0.004289180562358694
0.004031527157921018
0.0040477319549047175
0.0046809433481073874
0.004412201276114896
0.0032330385722528893
0.0050971247635005715
0.005193656407315128
0.005171815900660861
0.004121180450368647
0.003213203467230785
0.003518990597617538
0.004918682127645154
0.00544684487756932
0.003443026568014969
0.003809061124994638
0.0030643876288668917
0.004950851453900998
0.0034036611976115834
0.005350101935629018
0.0032009698606176814
0.004918133615113707
0.004014089175486353
0.004334982229137466
0.004173815162443185
0.004418703003793723
0.004062930740564845
0.004681205774063738
0.004848581604508434
0.0032608749792404986
0.003427319852255328
0.0031945117251073805
0.0016736656549761763
0.004922175676087255
0.002909673155072093
0.00460017773653117
0.004322057683412529
0.004981903684979975
0.003751311162504288
0.0019162712582337718
0.0038825152779881247
0.002109407231472154
0.0050742142818144525
0.0048675181186577455
0.004750585299625891
0.0042508660534067615
0.003148356299339474
0.003945012326244317
0.003103541166259516
0.003143745348899919
0.004463218713034935
0.003035032105051462
0.0038837200076553635
0.0052102780369660965
0.0046626029482072714
0.0032830465057838696
0.00428563868616133
0.0036873552892715414
0.00399239473829546
0.003016628856346099
0.003924858928475808
0.004230549453633374
0.00437547873750069
0.004419442243337227
0.004332161448184962
0.004322346434099599
0.0032169560215311414
0.005032057165325315
0.004335784227218567
0.003310937606920578
0.005053328689767994
0.0033185932203115666
0.0031404623758095065
0.004627248377392602
0.0030708379953394613
0.004451250025216975
0.004314469145184567
0.002714525009414237
0.00381231222209876
0.002967291283799638
0.004270978374099826
0.0025129463507388363
0.0037214685016160017
0.004330896183542544
0.004258101359521643
0.002395682571280774
0.003863110501582041
0.004293200905729388
0.004119369421639843
0.0034698316147348572
0.0015128857472760811
0.004141917846913745
0.0026011117277188675
0.0019381835287734478
0.0019415762080589396
0.004161684338771801
0.0016548069458263925
0.0025978843932457116
0.004184460758330513
0.004392320567863404
0.0031019041583378207
0.0029378625591137708
0.003835997607994423
0.0027187249327322834
0.002016489650760847
0.002453535620257418
0.003350789767923356
0.0030579942133474266
0.003407605513609737
0.003647133629591098
0.002316507078936472
0.0016845157137720724
0.003322804519485333
0.002428228796287994
0.003115402187025695
0.001976053980215549
0.0018293096766147843
0.0017066985323107282
0.0038635848470374864
0.0025724889140206417
0.002828039876180887
0.002012281056026111
0.001778459467720843
0.0033212216381944245
0.003966415307582101
0.0035593579652136277
0.001901824646146696
0.004367099577518
0.0023603748258602263
0.0036570370704340394
0.0021701038156375003
0.0039553345669725605
0.0032401495257692215
0.0035960603622171806
0.001997247050133118
0.0030734232844760044
0.002280604681353132
0.0032916533208082292
0.0021200242016611416
0.003788662814876189
0.0025476472318627734
0.003757093150208599
0.002757873733125314
0.002635619814897363
0.002878929249136537
0.0027749170353136682
0.002406159811613141
0.0022463767300744753
0.002967720847171285
0.0029307297682512217
0.003378265295513455
0.002101442110523628
0.0015052425696803313
0.0017288652524372998
0.003377785338492544
0.002593429762611126
0.003444433446376221
0.002860853224930248
0.0020959902737095935
0.003345912900204559
0.001633004360326236
0.003281988948953901
0.0027342876538743216
0.0018078409786795682
0.003401850216483659
0.0023263389814022722
0.003319028928536563
0.00226468920601949
0.002293710477896146
0.0016475969903442839
0.002039057191824104
0.0028133255128272214
0.002720474206085648
0.0021519137038539097
0.0015642016510677417
0.0026572693029555863
0.0025319866452029544
0.002210046088537038
0.002305309727982332
0.0017636663487372627
0.002044566501757467
0.0009054511178889466
0.002495406949245022
0.001247538434058468
0.002717237265210225
0.0010508470723385886
0.001432327231582955
0.0027548151563137986
0.00281178636936166
0.0034532985119374525
0.002693701940028926
0.0012441902980915131
0.0018682619808566931
0.0017802884071188665
0.0026092997508616257
0.001321708585319019
0.0023479331240496156
0.0012326208667763534
0.0012203621001373158
0.0017569550989904987
0.0018832090603707365
0.0023481595194102117
0.0022908580356819394
0.0012247808393443214
0.0018659033730554794
0.0024765847362997412
0.002690161938633764
0.0019761141997340294
0.0018179644606485118
0.0020005509698734795
0.0022120482577491067
0.0016413293248343963
0.0013567521627872092
0.001152312020540014
0.0011800758130741777
0.0018590192127493194
0.0021462185032109205
0.0008387317007489053
0.0009130381737553274
0.0015812921861532605
0.0011268368819427833
0.0020553375706555254
0.0016419351962731173
0.0011637573992156437
0.001607924327128208
0.0008997082765634914
0.002449530550540798
0.0017725093239776783
0.0023250855009412405
0.001590151788026803
0.0012625284609812661
0.0009523248099636805
0.001876273710111174
0.0023728123866502203
0.0013154374132780117
0.0020162758426563432
0.0016922120482323062
0.0016773216853486139
0.0013617829222600333
0.0016791219080916327
0.0014829263052632423
0.001305681640401813
0.001222579332145869
0.0023830362938030694
0.0010888610762066241
0.0017351083622334684
0.0012855336961350842
0.00071357773191001
0.0007939233359285526
0.0016993355391902974
0.0012525047220988059
0.0015730886052831693
0.0014499433351127641
0.001579833899579225
0.000693010761907271
0.0011305312753446487
0.0013726486470492909
0.0006846376142222828
0.0012265186578651484
0.0009205146523146904
0.0015749945250302713
0.0006380503988391901
0.0011013387140745862
0.0016850410874569904
0.0013544475647471331
0.0014648319041477072
0.0008152338303032484
0.0009317765957572741
0.0012337135779746777
0.0009159043378068718
0.0015712766842045987
0.0012921794090431213
0.0006967496781276392
0.0009432571794058616
0.0006022070315229002
0.0003633896570261863
0.00045884765163425965
0.0007796019573673089
0.001432114921753576
0.0008360432345488111
0.0007392202046281304
0.0004570767071503471
0.0012840868288132683
0.0008240434962836293
0.0007385264274178244
0.0005536625397525865
0.001060892682208326
0.00045784054441144886
0.0003997265428461091
0.001085808839627563
0.0008312850205126578
0.00036191480172068015
0.00035829406586549534
0.00035024788177590656
0.0007565566222377466
0.0007881570107076179
0.0012327648582731202
0.001147001075077705
0.0006303440941789674
0.0008257665980483828
0.0009583942640777481
0.0005125319742577445
0.0009025125192603377
0.0006102681313885508
0.0004977298811024594
0.00045933023965511035
0.0006217229461753292
0.0005678974564944059
0.000777190375401361
0.0002988256963414812
0.0002531254370188895
0.0004010426183996319
0.0003808979589011065
0.0008038772699130322
0.0004532785395736996
0.0001116817338188454
0.00020199032785146273
0.0005088922437526997
0.00015426588867302433
0.0007110600621047091
0.0003561655964597754
0.00011955898333348221
0.00045912290460417706
9.288602795403575e-05
0.000310201427039358
0.0001541338021860371
0.00042192186444554977
0.00035482735941443045
0.0002089838026939351
0.00018235229885203645
0.00017751590394058137
4.6768209424544814e-05
0.00013595475619838544
0.0003316235921709985
0.0002051712621409427
0.00010402933023495705
7.06832299693762e-05
3.592315474899879e-05
9.574641933424387e-05
