0.13671707298259192
0.13480231171638582
0.1353779332454824
0.1354495410412163
0.13544946485980583
0.13536814753850224
0.13533602556922333
0.1341963748316523
0.1340836770364008
0.13448367919129664
0.13442931620077728
0.13434928810269525
0.1346877221426684
0.1334861561271114
0.13308467247946051
0.13304539157247264
0.1329685292286198
0.13183043703081682
0.1317889060779663
0.13109520117010703
0.13105785363885694
0.13045710861279222
0.13026086077922647
0.1301551778364123
0.12929550338008847
0.1293070332710114
0.12925915445751363
0.1291638441085898
0.12966870666364536
0.12999855447220018
0.1303818575408858
0.13025485692879227
0.13013383361602934
0.12955933316550985
0.12914003219947354
0.12919808590389337
0.12908333819489134
0.12897447722447436
0.12891679426813168
0.12882055799998657
0.1289510308914166
0.12853066576269673
0.12843877461074416
0.12792189200925136
0.128034923571946
0.12705375588387893
0.12673244279789606
0.126630114306984
0.12717364714453772
0.1272328564443587
0.12766865744085878
0.12748964060074253
0.12738260310014787
0.12777255779707836
0.1269276034064847
0.12678744763167554
0.12667650701729852
0.12649825924731267
0.12633900655486746
0.12625284789343144
0.12584460223036079
0.12512530225581409
0.12537001349090157
0.12492213911455743
0.12472612358378443
0.12431402536918215
0.12424774940500045
0.12435200533748851
0.12459526258598834
0.12452689758177742
0.12407003202653631
0.12418344113419076
0.12405864473816032
0.1240865209359051
0.12395682367683389
0.12384118947354383
0.12454578337997613
0.1247930854342394
0.12453579219420233
0.12464081418297435
0.12431216506233932
0.12456068963229071
0.12452037743444384
0.12451286986216202
0.12439273240291815
0.12434378694659458
0.12385622751719325
0.12384333384579845
0.12299590924705169
0.12287127021868652
0.12275319681903143
0.12313789347455294
0.12369825882586458
0.12369413197964733
0.12330339239092965
0.12314715318454146
0.12361763674272042
0.12352215069247653
0.12332319335821687
0.12362437155264085
0.12347085369594087
0.12335275952862704
0.12344649069119154
0.12260562515322111
0.12279855114453302
0.12193137222386458
0.12137397878476704
0.12080799891834022
0.12080376373646415
0.12087444917964085
0.12080646685864761
0.1199358668161744
0.11983590922693733
0.11984556598227449
0.11977602401643196
0.11972987298134785
0.1193090604379381
0.1192186773405453
0.11946040795054232
0.11958258350843237
0.11930632819944567
0.11918287126592021
0.11928831868381094
0.11912430688482556
0.11856153551241144
0.11842856985027143
0.11815792861699688
0.1182539582860943
0.1182695881827727
0.11804810107659192
0.11805878831645332
0.11765935136997882
0.11766759808749928
0.11748733304175842
0.11689645387638602
0.1160880349893083
0.11635382581501862
0.11608856927640046
0.11598479288918831
0.11532163860667978
0.11513443083854069
0.11501750485931507
0.11498097581357744
0.11437405249105195
0.11363610450806219
0.11362689087056924
0.11361060937415592
0.11348258390256823
0.11345136544087177
0.11394718250575686
0.11375602917201157
0.11311642405822094
0.11332446217933256
0.11350941454469572
0.11392525705100855
0.1143701075552314
0.11430376461750395
0.11389583794357601
0.11376638674764934
0.11356520172908836
0.11311964660700903
0.11339752365326028
0.11342242080683951
0.1143685499561222
0.11346890972408043
0.1134348268383006
0.11368617587255718
0.1126325136143971
0.11246062973422462
0.11261739478370747
0.11246803515046563
0.11275621204853493
0.1128077714808895
0.11269863281176884
0.11275912525276253
0.11271150439233582
0.11254528085806788
0.11228009173598637
0.112148936094972
0.11175604602906772
0.11189348114351959
0.11221246160877897
0.11184017149597027
0.11162149332656338
0.1109249450110003
0.11107221668967063
0.11070884646086013
0.11079257300094085
0.11062866521720717
0.11060495749967407
0.11044059914089462
0.11024487006411547
0.11016351263259432
0.11011837933689952
0.10996535969809304
0.10936238185619888
0.10913431941028048
0.10922769297949231
0.10907025808156252
0.10908376288085644
0.10898313689905118
0.10909902805461318
0.10835853928039745
0.10805199229384078
0.10770770840157216
0.108205469142365
0.10774340820912316
0.10735328197074873
0.107431534005505
0.10712346363836428
0.10693812568718106
0.10652246952100902
0.10655455460304965
0.10649307314422753
0.10624841998400915
0.10614697965392517
0.10650081926661668
0.10660579205711523
0.10653909024459671
0.10681233541428292
0.1067843188607595
0.10651278989978831
0.10676717353546736
0.106187350736473
0.10651422799565959
0.10576000487139493
0.10576192392970797
0.10567648332210393
0.10556513820875081
0.10560988197379358
0.10572940381751368
0.10580156831843729
0.10528721485794287
0.10528964315600896
0.10514929677323726
0.10500111218396017
0.10486192039729623
0.10492209090399857
0.10512470521687697
0.10465199180417271
0.10479289845128807
0.10517544966829287
0.10477002476795205
0.10480419383866346
0.10463203977294748
0.10439878626576936
0.10417798482061351
0.10417480838938245
0.10428482822331193
0.10423882091268245
0.10381460225118949
0.10446192827566493
0.10458761307318558
0.10431147156659666
0.10440785745915648
0.10449231094869252
0.10413220960615506
0.10398369521480594
0.10376016404837886
0.10377292709227197
0.10340073003143185
0.10326393351142092
0.10334455532700866
0.10327508921314715
0.10310842919653594
0.10281772328415227
0.10291475620937914
0.10193257330029638
0.10180376961755322
0.10167835385087153
0.10173805296347854
0.1017828292677266
0.10164025749275307
0.10143288949698506
0.10061890720946656
0.10053981046741846
0.10045722606650417
0.10039353234380273
0.10067565768148624
0.10035843267477168
0.1003581932610036
0.1003517614681821
0.10004469953623865
0.09990759407256318
0.09964784158415554
0.09955635338046795
0.09944174462645736
0.09928699309479515
0.09902891542581835
0.09895984959479891
0.09901440260446182
0.09909818813954734
0.09931827672788571
0.09944340408732749
0.09935084796694328
0.0991016146967651
0.0983169317245382
0.09809435475740169
0.09812265555771285
0.09797297343599343
0.09720915536315629
0.09712163450388396
0.09674065481353866
0.09597307739371379
0.09592596667791421
0.09620988520111287
0.0956885355922768
0.0955763138951405
0.09534294867931672
0.09541584097654496
0.09516714024855212
0.09454148644803649
0.0943671850912255
0.09446125233565397
0.09394230577114593
0.09379477111332452
0.09356703532544465
0.09351735750887172
0.09327820548762943
0.09319812636095189
0.09330885211387356
0.09335564599056027
0.09426395673243801
0.09415623785459919
0.09416161969533739
0.09355066055621832
0.0935234768347094
0.09362144911326441
0.09320905404062622
0.09257467827703367
0.09236368291523925
0.0925814817900291
0.0925915122115722
0.09248172671139744
0.09242546995432552
0.09266759832737836
0.09262576808721068
0.09246024954013941
0.09234494340701414
0.09224312497830492
0.09206545369713087
0.09200033711645225
0.09200765054337796
0.0920933625639686
0.09191724915890498
0.09197391556041636
0.09211640754762511
0.09162737680410636
0.09156883100350872
0.09163129506191162
0.09155371070085554
0.09157753289974227
0.09148146395222732
0.09079951389784212
0.09059612780564191
0.09059601433418991
0.09062669830248092
0.0900197483592795
0.09021280759689201
0.08976083727094246
0.08958405498045986
0.08930072786457367
0.08867993496134355
0.0887294299880757
0.08892022559561914
0.08878749316225147
0.08858155755614909
0.0885182321201505
0.08854425182894682
0.08825405496866874
0.08844729771719465
0.08840109431892199
0.08808118010525258
0.08794364031912032
0.08743883868283146
0.08752335589962987
0.08758303646986385
0.08749253724465396
0.08765801076016073
0.08717445554874821
0.08698290622803123
0.08645455484156261
0.08624748096596233
0.08649245271647052
0.08598944514734622
0.08573549799634714
0.08592522401871297
0.0856963059034399
0.0856099060044785
0.08550643913860177
0.08546538506378154
0.08490774754880147
0.08448116669749281
0.08454392128743979
0.08461086949322336
0.08458539427824043
0.08442734460790832
0.08460588946106729
0.0846424740671411
0.08450404663146262
0.08456126496498241
0.08452864939304466
0.08459075594711522
0.08418906746730248
0.08412958127288375
0.08369534013841398
0.08363318519957606
0.08349317883168787
0.08351163635333658
0.0834629353430681
0.08318470502737757
0.08331032193587865
0.08309463284323015
0.08270307106324447
0.08274823939809381
0.08293482068582397
0.08268636810407709
0.08231071859967459
0.0822427342947281
0.0819094503375215
0.08179847877853821
0.08128827605554505
0.08127052994572236
0.08118287615565103
0.08092539913998664
0.08076638890322624
0.08076294817992719
0.08071623209930004
0.08077111929308135
0.08062037437826008
0.08044828567217518
0.08012102827800432
0.07966772553349345
0.07961229491780986
0.0794832131780644
0.07965191721995984
0.07926878177635585
0.07896948340768485
0.07898130070212217
0.07898550614189916
0.07866656757546427
0.07847243492553772
0.07817525824780924
0.07814775910951788
0.07830281435760192
0.07784353017747471
0.07779180454846063
0.07778319836198626
0.07774913409154949
0.07769944176172391
0.07768136391843156
0.07750781928818
0.07756758983015083
0.07753198736583222
0.07736469364900515
0.0774183222656975
0.07744447183477263
0.07744746788679222
0.07713913499825309
0.07726250461981103
0.07726481227245842
0.07718372535609568
0.07670902438347818
0.07656426009433691
0.07668033757391259
0.07673975436730968
0.07672316911846827
0.07659750832955466
0.07655802868047897
0.07654801461115987
0.07641350815213609
0.07633802020221003
0.07625106357044181
0.07623000397522708
0.07635075066927563
0.07631354449910932
0.0763519617936848
0.07599231150454705
0.07594573646830509
0.07614516166911
0.07602052562399096
0.07572354604880588
0.07583317994104789
0.07562388586896003
0.07573047517344268
0.07531191686681396
0.07534070674501604
0.0754934582807038
0.07536402132925109
0.07494193260414854
0.07467063359770149
0.07483224000430994
0.0748968420430787
0.07459851453682317
0.0743409577291135
0.07434967267242781
0.07401094667731108
0.0738654114173624
0.07336545974320728
0.07319992152559678
0.07315229518381938
0.07292840277937412
0.07299149895374694
0.0728391586292965
0.07263576042383814
0.07258085858224961
0.07236745690985744
0.07236657473307835
0.07231380107827846
0.07229901473036207
0.07224088124023673
0.07215540392731723
0.0719281276191834
0.07196560463058373
0.07147786735060896
0.0714274888349758
0.07141947340873972
0.07132081918639373
0.07122895518287423
0.07085702148887991
0.07067329895223565
0.07029589710430957
0.07020007561311707
0.07015021927343025
0.06983047454728933
0.06957580833047104
0.0692700958125184
0.06918420469521445
0.06885476179601628
0.06884386748094169
0.06863563003397374
0.06855028924068232
0.06861359532351347
0.06827959092732792
0.06809927881422405
0.067968830383743
0.06788591607936026
0.06765038659953275
0.06754483496049346
0.06734702889889928
0.06707661616011339
0.06699448093380349
0.06711416658367257
0.06716692647079171
0.06687998026326827
0.0667616570077991
0.0667861294264742
0.06661321545022093
0.06635516205816075
0.06630818701137627
0.06587830025368979
0.06558995575601367
0.06521973239875248
0.0651524576230433
0.06485411881188685
0.06469251609741161
0.06443616163190102
0.0642846349458734
0.06405624622299178
0.06399825106100143
0.06399024042015218
0.06374911761966814
0.06337191011426034
0.06311878925061062
0.06302348604222698
0.06271771933345378
0.06257132819891481
0.0627721762465098
0.06257211247740602
0.06255351792369486
0.062290535765861195
0.06222177101436887
0.062134948357709836
0.061923487303846704
0.06176430102966502
0.061628351426810404
0.06144583614152044
0.061129321958248425
0.06097988008692375
0.0607767884481962
0.0605020681523683
0.06035318737655259
0.060369770392267964
0.06013809952167344
0.05995542905705552
0.05980985702539871
0.059594492447785856
0.05953199386743913
0.05943569213328005
0.059133185687000225
0.058968062907011044
0.05884488593053416
0.05893521160224957
0.05880520267123643
0.058545548276371706
0.0584412493774544
0.05829476796702462
0.05830825255433441
0.05822907721666302
0.05798198188225476
0.058013219360813745
0.0579437077673283
0.057643145795458935
0.05754959209184031
0.05724768233589376
0.05695458775016208
0.056753573772219776
0.056498344988532914
0.05617414684772734
0.05602554388186472
0.05580211505368472
0.05547907461986416
0.055392488607665935
0.05529997968045366
0.055198951754706564
0.05511041008122915
0.05517124486203576
0.05498637382590016
0.054878955830366706
0.0549925805593273
0.05474647909566724
0.05453567444018767
0.05467183555659219
0.054730460585337794
0.05459594469144504
0.054384284247489235
0.054322070982221506
0.054336627596859435
0.05404967258763163
0.054015673046033975
0.05386650818630104
0.0534657154069771
0.053249283895896136
0.05311260319075016
0.05302016904685105
0.05306872270416671
0.0528216045927916
0.0527054475047538
0.05274866046220431
0.05276613628881667
0.05272176690645825
0.05263211593275249
0.052626074472458644
0.052710183467202416
0.052824742547990314
0.05280076564978175
0.0525860235530478
0.05238474584614049
0.05232143842107009
0.05208466829915788
0.051800358683128156
0.05178476570191664
0.05157569303028552
0.05152991786322479
0.051319039311031454
0.05119247754841616
0.051110020024378214
0.050890738937450074
0.050834635584319394
0.05081304944768788
0.050440761747380956
0.05023999938366066
0.05017099328972162
0.0499248378015694
0.04958858935964163
0.04930256704476169
0.04914483798253176
0.04911593161411893
0.04891849128301185
0.04863270539634761
0.04854636265831688
0.048417565808767944
0.04827039810580443
0.04799851875074316
0.047799986538043564
0.04760446212252146
0.04743692254755561
0.04726515479860054
0.04695325759830477
0.04685405163295161
0.04676839934103313
0.04668833676975924
0.04649695490267234
0.046268037045152484
0.04595240998796375
0.04578318157460925
0.04556243399866267
0.04537459711856464
0.04518533178639182
0.04500461470108994
0.04503670428852121
0.044922861281682
0.04470418143949794
0.04455542147878997
0.04416874251915978
0.04371819417283408
0.04371040497074133
0.04357477497976208
0.043406731249277714
0.04323059474664669
0.04311371693462953
0.042996855605920925
0.043006706698293366
0.042888050724724056
0.04271107506345362
0.042565093856861025
0.04253661791852189
0.04233677576677487
0.04219002353204548
0.04197528512319327
0.04159274629907938
0.0414443484683045
0.0414197347896308
0.041129111769637246
0.041048278238718
0.04095935460812217
0.04081262974150505
0.04075463897065213
0.040792825520556436
0.04058150897957647
0.04042302727209208
0.04017834927070681
0.0398949190608863
0.0397743898054293
0.03953527658808034
0.03948951135935298
0.03947292409887173
0.03943645094363676
0.0393479616173648
0.039237899586721484
0.03894878455018867
0.038646488831721545
0.038546184829557815
0.038553151473357805
0.03847075713074912
0.0384541669293021
0.03822513720508276
0.038224771333435666
0.03825157006807651
0.03787843399959068
0.03757311739359136
0.037376439364837546
0.037062994708466204
0.037061863662486635
0.03686601643760958
0.03678085012477772
0.036719087745541355
0.03653399799172027
0.03622012175268306
0.036156835556286133
0.035901228739274
0.035809516422330726
0.035617292170093615
0.035358012347108836
0.03510324258208889
0.03496837374006421
0.034719167087371355
0.034750404291370364
0.03446044764075767
0.034229522394095845
0.03413976941421028
0.03400933544251144
0.03377027377255916
0.03359959552719784
0.03342098424499628
0.03331259342080198
0.033119917752816454
0.03301697029211274
0.032826398461685655
0.03257570806020883
0.03237381825435664
0.03229857294138136
0.03208000583894013
0.0318596638861396
0.03171698347303434
0.03168775915646161
0.03163197662502731
0.03145537408550938
0.031302915360120254
0.031283566553765574
0.031275970480888565
0.0310129223789662
0.030954346651594692
0.0308166554738702
0.03062218183249814
0.030559629142688997
0.030223891394354663
0.029995192313317293
0.029682752284992387
0.029595757856971935
0.02950865221334507
0.029396783333709715
0.029332860784565148
0.029107974326633018
0.028910633669711878
0.028752249719210927
0.02870178413993152
0.028740422646256782
0.028652125096806612
0.02858361379491334
0.028431495949591115
0.028414775300664767
0.028395568026191084
0.02839518446904007
0.028211491839732983
0.0281771399663679
0.02814876360774954
0.028081560277013893
0.02804262993961458
0.02786001580749356
0.027571757811413883
0.027334894379031315
0.027319328046193078
0.027224327741319436
0.02717901051017397
0.0268581020456196
0.02671709254679008
0.02652016099456225
0.026285931681572075
0.02607575689614419
0.02600260566187978
0.025949659270414545
0.025913654265368867
0.025668842455442285
0.025643841661052026
0.02536132479965981
0.025124056097676668
0.025028331339606143
0.02485201433467665
0.024722820572154042
0.024565502385578347
0.02435374176540293
0.024144332370012813
0.023997427093585193
0.0238569218106059
0.023838830918233214
0.023642002006191206
0.023550629266945122
0.023492562194893107
0.023429150498850786
0.023328137510183193
0.023178279057149295
0.023041071306952304
0.02303217864413742
0.022928897651189852
0.022668326839397172
0.02263227312533993
0.02245761434718986
0.02222097898983985
0.022114219221096736
0.02188573757691351
0.0216579111295946
0.021405946044501856
0.02129310518052439
0.02111362903691489
0.02107106084024598
0.02095603981632873
0.020714706563904298
0.020560446750474238
0.020506516685289744
0.020416962339696934
0.020279591067693375
0.020148264006209313
0.020022845011531846
0.01990027350168795
0.019797675920724477
0.01971870547979193
0.01971700171307907
0.01956251423302569
0.01952919575517911
0.019408664630059396
0.019370069010322122
0.019325487305432484
0.019115959292839355
0.018904132632460074
0.01879873281532425
0.018796260888285052
0.018792179792082923
0.018717702817449344
0.01866217739256588
0.018514454053474766
0.018462208070040946
0.018327497067784977
0.01827936150607073
0.01822659451066253
0.0181140915540155
0.018026422877829823
0.01795315213106194
0.017844882078332618
0.017797536754810085
0.017680216241272778
0.01742747655993212
0.017254201324878236
0.01712968877106891
0.01702377815716956
0.0169998790754206
0.016845983318739845
0.016795071119232695
0.01672479481885775
0.01669456616257541
0.016675994493947112
0.016577344217626005
0.016458277689249633
0.016447520389871288
0.016434329961150233
0.01634296837226446
0.01628824748069266
0.01627032315415723
0.016216798825147767
0.016122013293471783
0.01605090643425319
0.016031146707366068
0.015936601092039305
0.015820659941010888
0.015629138705113777
0.015530663424205926
0.015456554990143465
0.015434068644097161
0.015325427103463577
0.015116364798277725
0.015106185911654165
0.01497603104644533
0.014912654299745481
0.014799591425808827
0.014732467397270141
0.014622557869762914
0.014539842682955674
0.014486955474439744
0.014433526697449073
0.014311241535228668
0.014254165087872488
0.01418324279493348
0.014131670705992609
0.014130506589901025
0.014104349715455123
0.014041176054791061
0.013982513722831673
0.01387086435219798
0.013762777511566725
0.013763015206261064
0.013737705218115867
0.013700445269761406
0.01360773477676659
0.013590139524004188
0.01353392073226702
0.013496413447533087
0.013436010856900264
0.013426250385216271
0.013373273734531631
0.013320786405973782
0.013301708072821012
0.01323959429141061
0.013194567265061515
0.013163914419703526
0.01311448803166581
0.01307198451534806
0.01296041977772125
0.012924282932301384
0.012908333893518092
0.012862037311040535
0.012851459378668278
0.012844344537884418
0.012835065206444413
0.012808541399858661
0.012749061429708577
0.012711817085743623
0.012692900242888902
0.012683223160188323
0.012621258485550603
0.012624794595196255
0.012594187299277802
0.01255550282508177
0.012513296133471847
0.012507554196377512
0.012501886087747993
0.012472026451121967
0.012439825360041868
0.012431694797763577
0.012428921093964885
0.01242544785538969
0.012403218800847398
0.012380520650728205
0.012318787057235056
0.01229148946423226
0.012270698506006254
0.012257890989416813
0.012212774941931157
0.012200266146547671
0.012166895957634856
0.012146314623614663
0.012138828303894709
0.012129313692836595
0.012116170320263941
0.012114405500717145
0.012084295617691672
0.01207846049785772
0.012076767748832375
0.012068902921861711
0.012066288514056916
0.012034709713570943
0.012031517064840153
0.012030651083751058
0.01202492190302892
0.012012778312957198
0.012010742155970752
0.011997329074903073
0.011993172707682085
0.011993946857839754
0.01197944818989755
0.011979272708197816
0.011978339076436
0.011978328090578678
0.011965506517657763
0.011954652360483455
0.011955424074350457
0.011951521366902402
0.011953689895731215
0.011953412294245727
0.01195439908010907
0.011947353670599164
0.01194508479514509
0.011942591006172492
0.011944219948812508
0.011944889467854788
0.011943412846187875
