0.1365209602522422
0.13617728488845324
0.13617351092800284
0.1353720259754493
0.13507227633861726
0.13360519517772956
0.13312507621885866
0.13299178440689916
0.13106308143743484
0.1308505013019108
0.13046320427761665
0.1304600618598256
0.1303907838145416
0.12885662545872356
0.12690817060268722
0.12684340486809392
0.126725837371961
0.12570403409680125
0.12494103043393295
0.12407526355677001
0.12370368116435328
0.12316661990128397
0.12279337440495396
0.12273258967329609
0.12256579851041699
0.12180395504684569
0.1213311881845155
0.12116292642393899
0.12084939905640882
0.12055670032201792
0.12012692704650708
0.11932660706942448
0.11833586045741835
0.11824023843023672
0.11585580396908113
0.11565848883783388
0.11564282256310282
0.11549781361613437
0.11488590337115329
0.1147347757090985
0.11448948369237831
0.11421992737157284
0.11419371064294453
0.11412446769295756
0.11378755851699927
0.11342063604480647
0.11332660285149572
0.11266361339955555
0.11222343819049405
0.11206019644112253
0.11205880146830802
0.11172174998331459
0.11120766600852931
0.11120180890792823
0.1109629949118708
0.11095134483550728
0.11066050512977148
0.11063005083853195
0.1105230034490493
0.11051614009726189
0.1093362658200739
0.10925513620711544
0.10923880119468558
0.1088171119189619
0.1083207124864761
0.10824657552738548
0.10819950882315164
0.108162987523931
0.10795505654964382
0.10779798902230013
0.10776613746112516
0.10766440952926029
0.10749856911927436
0.10722862068914044
0.10707008467870485
0.10699587203354011
0.10688029783818599
0.10678094441301858
0.10653469332078652
0.10644707779060313
0.10637386117277933
0.10614016138659342
0.10607619779197215
0.10596653950601172
0.1054783035478231
0.10507583679881007
0.10496236566904724
0.10466620800654741
0.10463507779743252
0.10454234380281613
0.10409858298140626
0.1039700165918306
0.1038912090408291
0.10385763759939676
0.10343891451907083
0.10338411358552896
0.10338373390045429
0.10335972159200883
0.10318053661624417
0.1029140107754607
0.10280317594430151
0.10211609413237323
0.10201789648829653
0.10155613110178888
0.1011482662289286
0.10094081721447147
0.10079817184814853
0.10078080004361256
0.10073501065856298
0.10047288235999072
0.10038723511242853
0.10024441803750998
0.10005868703776648
0.10004934013194029
0.10001051560747651
0.10000626609855362
0.09968985971697378
0.09967449767177604
0.0994486565923411
0.09944505059099613
0.09921066494552841
0.09915713259113422
0.09911095141499579
0.09842093035915238
0.09824629545809274
0.09811466749888906
0.09804084840489859
0.09788525373301447
0.09784623035661633
0.0978150084191728
0.09781207261009235
0.09771780344612015
0.09769990633508355
0.09748423890627278
0.09744547192350828
0.09726541706135776
0.09722191369127568
0.09721889571392346
0.09690844701020548
0.09675789489598115
0.09675317436005212
0.09664254243473618
0.09657343056579648
0.09657083642801961
0.09596851292365823
0.09592215997470539
0.09579295316878238
0.09576845795298998
0.0957574410147456
0.0955909858275476
0.09544682792315566
0.09543111892366786
0.09543042501180922
0.09533869531520121
0.09520910505884207
0.09515410460878519
0.09513641311843082
0.09494798516731714
0.09446179310134269
0.09414939724904864
0.0939268925486808
0.09370091427251967
0.09368944938001948
0.09351325519524131
0.09345617684111321
0.09320709275876403
0.09316112858073082
0.09309487463665357
0.09307689450175903
0.09299566345122631
0.09295308123317571
0.09287375925337642
0.09283445874972636
0.09241610139055095
0.09239661873468646
0.09233384339323317
0.09195573136665765
0.09178522492452318
0.09175271732527795
0.09173468305107571
0.09172790215355887
0.09168363282205823
0.09153781713197569
0.09151220552065167
0.09149229453918468
0.09145339217903167
0.09127818620772056
0.0911290975699003
0.09105214811119139
0.09091535332923562
0.09086841832732705
0.09071382128985128
0.09066787260164312
0.09065900861629812
0.09051284195117847
0.0904855549062952
0.09047361329830828
0.09036864586350689
0.09035456304005751
0.09032352401932174
0.09028185470239103
0.09026597455237333
0.09015606361162698
0.09013604881000764
0.08998195693600701
0.08979740231790337
0.08977173828402266
0.08972681053795634
0.08947219803298521
0.08940848318735768
0.08934083861602855
0.08926953109837284
0.08914623795525684
0.08908132439472674
0.08901244314549554
0.08877191054136054
0.08862831815020601
0.08860195754256468
0.08853879091275274
0.0884564457071267
0.08841095653358867
0.08838309910599937
0.08827504265747467
0.0882575284201611
0.08816333597368246
0.08809725018641303
0.08801335997134056
0.08784787568949683
0.0876998582950165
0.08745540784257697
0.08731123292658446
0.08730520400313697
0.08729310987693056
0.08725670112132597
0.087038397404597
0.08699900979715806
0.08696447301268982
0.08688267477993279
0.08686330010637484
0.086793029840728
0.08676284710652066
0.08657303485534969
0.08646348926724316
0.08640076272252424
0.08619282565971012
0.08618090152308254
0.08601169420570902
0.08600250709403807
0.08575296963122722
0.08575144481427223
0.08568562464849619
0.08545652159741562
0.08539982420924301
0.08519965415398661
0.08515705964632857
0.08505045226809735
0.08501494568462599
0.08494358216039276
0.08493091095222026
0.0848068039761879
0.08478695409924975
0.08471218964731292
0.08456731449854878
0.08417040555680823
0.08388342006928325
0.08384013802370482
0.08381427522139642
0.08378009613907933
0.08375567841140946
0.08368976303422128
0.08362406824811534
0.08360572046353872
0.08352891466597945
0.08351511926853088
0.08347242352263214
0.08329933318087214
0.08321242865874477
0.08318638250656239
0.08306943767540677
0.08296261859417955
0.08293127347050974
0.08287019366303598
0.08279610573886932
0.08258535633241891
0.08252762012350595
0.08237958530747322
0.08232505911656587
0.08226428948608762
0.0822273915086541
0.082210665133298
0.08205085086342552
0.08202707841831779
0.08194460989321249
0.0818429663671796
0.08184231968640131
0.0818387672209876
0.08176056986531681
0.08163851379238421
0.08160182042769107
0.0815241324782451
0.08148206710480872
0.08133657214702705
0.08131954156715862
0.08129955771498192
0.0810999465743696
0.0810828211855531
0.08106365579462263
0.08098143104193742
0.08097539339306681
0.080964751460803
0.08095727790314143
0.08084451208944449
0.08062439405061035
0.08055708119278943
0.08044654137862656
0.08041939466675561
0.08025527125163705
0.08017253759096239
0.08012439142855264
0.08005296839339582
0.08002434317855728
0.0798497346630291
0.07974062690622741
0.07959521350825977
0.07950833482826176
0.07948625590114791
0.07930784652748683
0.07930377309054978
0.07929775148478099
0.07909504457768103
0.07900521102035818
0.07895223073065677
0.07894727106118667
0.07891634046672986
0.0787890884450353
0.07872585017557437
0.07869948843915943
0.07863079637003187
0.07858904493468971
0.0785713852801449
0.07853983900134152
0.07852452233996594
0.07850504887208604
0.07846932213142661
0.0783780980162865
0.07836866415223179
0.07821631837448861
0.0780417863177142
0.0780088622291021
0.0778922865324634
0.07777316543929359
0.07756428353867865
0.07745435604326595
0.07744462851366807
0.0773405720235643
0.07716606254747331
0.07714817667963308
0.0768032637338859
0.07669227488322537
0.07656550421868462
0.07655837902650404
0.0765557279719688
0.07654083125485033
0.07638791726739352
0.07631191331381804
0.07624328621229193
0.07606744444436296
0.07602736435693931
0.07600976773011982
0.07597981990811212
0.07596898353891697
0.07595097071225965
0.07594686458814817
0.07592922192757647
0.07569732190129763
0.07561769199555943
0.07555573693184604
0.07555033689092555
0.0754950825535978
0.07527691079904587
0.07515717286005508
0.07512986903025957
0.07506453801865375
0.07505887726498522
0.07505197234460517
0.07503540479485019
0.07496416125076855
0.07493922859060981
0.07484734314840041
0.0747420832005506
0.07468993219176197
0.07468218443028761
0.0745925332189121
0.0744189263778935
0.07438436656089045
0.07436868581885886
0.0743171911277334
0.07429245192671322
0.07425407995839726
0.07423640378637349
0.07421487726585319
0.07420223321844531
0.07418129056432633
0.07417306263365704
0.07415370568127748
0.07404268684595977
0.07399216909465413
0.0739722916857344
0.07393637685301312
0.07392443513489025
0.07392159856364489
0.0738832822335076
0.07378003329759268
0.07354214706105233
0.07354101198346344
0.0734969742338882
0.07343653690053435
0.0734281340469104
0.0734143241077419
0.0733978373789008
0.0733484595951542
0.07328225034537356
0.07321297155944283
0.07319500015308567
0.0731343499766331
0.07313345181514677
0.07311833675416184
0.07311526548468096
0.07310992915944828
0.07298866558185796
0.07292472736519927
0.07286184062459439
0.07270387966681482
0.07267450699551016
0.07266578115553993
0.07266338461921375
0.07265671289540757
0.07260760743998489
0.07260050912942538
0.07249159200980587
0.07242917764022191
0.07238776363912966
0.0722838286486111
0.07226242202735447
0.07218825375865333
0.07206240334302506
0.07193093966961382
0.0718231155038927
0.07176389549116126
0.0716732977770439
0.07163198010055755
0.07159760567526319
0.07154352336189841
0.07141969293470997
0.07140079478100056
0.07138634385119151
0.07135980013662108
0.07126579325286414
0.07119144734693908
0.07115831564884048
0.07114276405024701
0.07105826111526914
0.07103094861311449
0.07085737732091806
0.0707439959259033
0.07068524814906363
0.07060582709144853
0.07060090851960159
0.070579291109598
0.07057469022824131
0.07055709179343755
0.07053678224350768
0.07052592786045091
0.0704856285978961
0.07047758171103463
0.07039723942688766
0.07033008982904755
0.0702906581104149
0.07021676375193721
0.07020326969772633
0.070185528021011
0.07009776820958175
0.07009719144128171
0.07009707067439973
0.07004573324150673
0.07000567180608633
0.06999156871821816
0.06999008834657826
0.06997858630270554
0.06987409851151573
0.06970597425214958
0.06965850190654257
0.06964486464538909
0.06959744860610899
0.06957279207723732
0.0695250251210267
0.06946889503506902
0.0694571573427972
0.06940302174179627
0.06939749844130952
0.06939615513085012
0.06913337249473911
0.06910271922182623
0.06907435111335526
0.06897439577473824
0.06896432612197055
0.06891483750581189
0.06875623271199226
0.06874180829930746
0.06873150785428564
0.06870124641501328
0.06869568621089632
0.06864399756238516
0.06863270812799255
0.06857815634459483
0.0685334123317932
0.06852126660278841
0.06845265507547016
0.06840808921019945
0.06833484434342733
0.06830070618294355
0.0681760172276722
0.06810168630704062
0.06799810280422697
0.0679833952697272
0.06797545259890465
0.06796133624669073
0.06796008676425554
0.06793827441159547
0.06786023381517478
0.06782611728052222
0.06777779153827666
0.06775683397583775
0.06773971771881024
0.06768173345623106
0.06763229636008292
0.06761750259043249
0.06753934344036386
0.0674743568962575
0.06746854804829142
0.06746087659155077
0.06740509739763466
0.0673947381316281
0.0673925904192293
0.06732442313662532
0.06725441372064539
0.06717423904714796
0.06716685662078205
0.06708607709307696
0.06707304367458457
0.06703814098292439
0.06697962565228117
0.06691851633484908
0.06687775133234748
0.06686430972997034
0.06667954510966763
0.066596543920174
0.06657728695912686
0.06652793184483172
0.06650810592669575
0.06649727022027774
0.06643928079925537
0.06639075925600718
0.06637825968511138
0.06636296499688824
0.06633131593683952
0.06631597805035849
0.0661335954300825
0.06608711011952104
0.06606849401940047
0.06606487038221154
0.0660424187387278
0.06596795023544039
0.06593879543073206
0.06593561525720038
0.06591714690286665
0.06590005103353952
0.06588117196542266
0.06577683656847784
0.06567617637863088
0.06565111425713124
0.06564566847450626
0.06561583702157396
0.06555409169227744
0.0655326770286862
0.0655201418060721
0.06551651742983863
0.06524335179858512
0.06521191313683723
0.06511886124374716
0.06506499573187441
0.06505006735920102
0.0648265076645717
0.06469778918927076
0.06468888099329298
0.0646082610454962
0.06456457120517944
0.06454118352466177
0.06444210053027828
0.06436794586438455
0.06433484967341419
0.06415145236221025
0.06401155427089701
0.06395718600028653
0.06393131980964228
0.06393066138469813
0.0638503340150752
0.0638077202571872
0.0637931373178693
0.06372119678121545
0.06370725657250319
0.06368534320844985
0.06367765209385844
0.06364656415920146
0.06361474992229325
0.06345478672040152
0.06344965935677813
0.06341084236552541
0.06337747160848034
0.06329634707619654
0.06329612273594118
0.06324426867883579
0.06318917173190818
0.06317607798577034
0.06315823041961138
0.0629684992790889
0.06296358566269324
0.0629476697951462
0.06292163647450304
0.06291762274917531
0.06285950397241967
0.06284726425151732
0.0627844478589953
0.06276256722680132
0.06268270712997165
0.06267836605657581
0.0626100143473269
0.06254280055892922
0.062457623674671156
0.06244063178764694
0.06236965396142795
0.062332085526082444
0.06230671779850057
0.06229869393846428
0.06213753504736357
0.062131014871500426
0.0620836183819482
0.06204794710298078
0.062016983726620616
0.061981839937167826
0.061900683627530914
0.06186801801723507
0.061850873581959336
0.061844367812567295
0.06177730003229587
0.06173496330106036
0.06170800385189777
0.06167878516812037
0.06167241600782983
0.06147298823374014
0.06131962363801978
0.06115259081162583
0.06114409864584136
0.061075936337261084
0.061010263077304484
0.06100623778733117
0.06095975534703992
0.06083249591968828
0.06081640529800335
0.06072382456276387
0.060623684307906336
0.06061500739289497
0.060600870384284494
0.060509967752704646
0.06045636688884106
0.06035706706143401
0.0602901801963076
0.0602829705274395
0.06020364183357218
0.060153099098964956
0.06005918233380084
0.06005250730855994
0.05988688576064833
0.059866288723933875
0.059859169956211926
0.059841379971183745
0.0598393882069595
0.05981978543705772
0.05977262042093286
0.0596191129024147
0.059573402249342024
0.059480722685141006
0.05944177798195774
0.05938438994961501
0.0593387834539342
0.059269447373041115
0.059239129853613195
0.05900637500267378
0.058977331344573274
0.058904370531558635
0.05886754206912066
0.05871842829806415
0.05871531252521102
0.05857691708809866
0.058554672387547864
0.05854143253909399
0.05852534336735532
0.05847945626703987
0.05826513032631351
0.058104534177638695
0.05808635350736923
0.058042859769171166
0.057875586366626985
0.0577778713579561
0.05776952377902929
0.05760917983524914
0.05750419208631347
0.057392228182849454
0.05724258970652838
0.05714672580829064
0.057113939122785735
0.05700947696249659
0.056893637862202626
0.05688576509688174
0.056838382338531133
0.05679604333993048
0.056781964199854706
0.0567486955017722
0.056647094978996324
0.05661623728363016
0.056484873740903566
0.056470946873553016
0.056234017264830544
0.05615362179866875
0.056151227684434805
0.05609875607520774
0.05605515393418854
0.05597975585101451
0.05595533634958958
0.055941870719749
0.05589254273979567
0.055832505209641684
0.055822455768334715
0.05570774851215458
0.05569442565726705
0.05562480098148389
0.05547054132685244
0.05544691570424656
0.05526145068984364
0.055246283620274006
0.055221588663535895
0.055069583441314005
0.055019686238919695
0.0549576025808439
0.05494487214848578
0.05479727438371549
0.05442311743822465
0.0544125647239629
0.05423439469195497
0.05417231650126867
0.05371180920592033
0.05365689046597482
0.05358980208260795
0.05331924019439199
0.05321107074040837
0.053209607984791664
0.05320080393624915
0.05316211762493689
0.05312325982077571
0.05296452302766653
0.052795694232790874
0.05273327380300479
0.052683536867160846
0.05252198985874343
0.05250690058978409
0.05237667030108307
0.05226494009418404
0.05216997406957817
0.052089185695376926
0.05206752033194046
0.05206485290651144
0.05199889957682039
0.051972020195460156
0.05194045657312416
0.0516092926342728
0.05160204779780954
0.05158921334800174
0.051549131053563846
0.051510173115437256
0.05141167987213249
0.05125853639626635
0.05120462209864138
0.05119822009756893
0.05119013930704842
0.05117433125473096
0.05116707076893289
0.05102240384131719
0.05097742609354308
0.050830501562719656
0.05069663922858638
0.050597188845192445
0.05051806918018572
0.050472365974795395
0.050295266649072544
0.050153255474087215
0.0501074747058261
0.05004258174733931
0.049988549005723595
0.04992713772535063
0.04984511569537602
0.049829175040920506
0.049609647725843246
0.049574302440155794
0.049442182518906426
0.04934813573086421
0.04922032118452763
0.04911251817011852
0.049110099982185525
0.04906226481444689
0.04892843558381149
0.04876950399977874
0.048733908727649246
0.04854845831736965
0.04841292364792717
0.04827095596210965
0.04822190293742325
0.048139669548457616
0.04803146149906346
0.04800862868876753
0.04798268737726891
0.04785015861589328
0.04757200948718435
0.04738422550570182
0.04727689658643841
0.04708927168335488
0.04696341208885511
0.04695473827567081
0.04694838135721353
0.046922482571622806
0.04690177052346029
0.046740550579752425
0.0467027626385932
0.04666130795003573
0.04663742280074913
0.04633716590480207
0.04633672646122276
0.04630828852722212
0.04595131315797491
0.04586169196135632
0.045814467296802996
0.04571463092895199
0.04557689082530994
0.04542529268292277
0.04540154035839787
0.04533091565157458
0.04505848540760401
0.04502320286467149
0.045012338045614685
0.04487752495675715
0.04487455908141453
0.04485713245306079
0.04482212556477544
0.04456580967237727
0.044260713957192915
0.044136698333297364
0.04411378624123512
0.044078228304015095
0.04401951602555289
0.043975665495127186
0.04397063812951706
0.04384869941906603
0.04381345875735236
0.04328034549657508
0.04305849658264326
0.043048403846945665
0.042960018734499866
0.04284473247234642
0.04277921394047607
0.04268012418101073
0.042664106453036324
0.042644621285501706
0.0426187937374381
0.042451704446406356
0.042365650643174865
0.0422850614595801
0.04222057102580174
0.04214810996807368
0.042038662981125116
0.04203166454096332
0.04202930542257221
0.04199934749261604
0.04196543201531233
0.041893126447159375
0.04188412939264112
0.04174564299773939
0.041422711830396974
0.04140251223602129
0.04134215347926446
0.04110275714876737
0.040811035390543586
0.04072096560485228
0.0402969109973659
0.040121769560340796
0.040109346424202566
0.040053069979383335
0.04000055738296417
0.03964116742762293
0.039639852283421345
0.03954761447797028
0.03943812047926028
0.039335085982563855
0.03923329709097432
0.03915272171622109
0.03900750093497859
0.038741760620855624
0.038496748828285084
0.0384418746160159
0.03837512197474825
0.03837489259828632
0.038358244294832894
0.03822373411653573
0.03815348036495258
0.03813869638777885
0.037611130285819534
0.0375996427924008
0.03730836188986876
0.03714552242570765
0.03687476207063104
0.036824470692082625
0.036818537837373405
0.036632385072306026
0.03650407001620132
0.03650089821384213
0.036452287077621645
0.03644620145548773
0.03604502913631812
0.03602236786115927
0.03592471035684663
0.03561545852501469
0.03531209093706265
0.035199963299493854
0.03455800675976765
0.03427867416530225
0.03424667729098926
0.03414457200351223
0.03365448319040469
0.03343448047170573
0.0334126608189261
0.03329488437382196
0.03308974487088058
0.03299677167631403
0.03293279138195653
0.03270707094145362
0.03225895804765531
0.03217112551676318
0.03204718638486846
0.031997233596027366
0.03171874592975707
0.03159014967545506
0.031519026478141914
0.03142239771605606
0.03108241559607523
0.03078713534208146
0.030747090138956035
0.030041171913641508
0.02993246687393716
0.029727004504784063
0.02967076541501237
0.029214823115714904
0.02917837911077387
0.029080703665305983
0.0290549956343166
0.029019737887831985
0.029003073153682814
0.028832014536414152
0.028785791711635002
0.028662590403637698
0.028528439735499733
0.028318243624812913
0.028314158663085773
0.028130778506986115
0.02800487051828328
0.02794426995936044
0.02750910846010432
0.02736105869398263
0.02703934837936861
0.025388423237456485
0.025080823143516943
0.024511619912522684
0.024063271085807487
0.023857735410202214
0.02364360435490577
0.0229308904364297
0.022778166048342256
0.022118399834814336
0.021901190105340765
0.021811277043375217
0.021784855926718978
0.021714569594802533
0.021308989392965858
0.02110408156413231
0.02109880328678282
0.02107927666516973
0.021008034327553462
0.0209510343705635
0.020830860031957544
0.020451854047151597
0.01940629431579801
0.019156372913850476
0.019060309900922594
0.017222227994143677
0.016526654267487312
0.016033910771105348
0.01577776753396322
0.01569260651638688
0.015510777216844386
0.014953778839630163
0.014885387684625618
0.014426587940777199
0.014216625110055232
0.010764836367337832
0.010684773957700669
0.01050714807311696
0.00982651686788253
0.0
