0.035891433842502984
0.035403089686689045
0.03555415185873556
0.03557299680559979
0.035572933668675644
0.03555184639414866
0.03554326680496929
0.03525454709947832
0.035225032763152794
0.03532995375228865
0.035315432498616676
0.03529437254484634
0.03538300688755958
0.03508118613869532
0.03498788690568671
0.034977626160235635
0.03495711224101735
0.03466999992135519
0.03465913967858654
0.03448909958437059
0.0344791430720864
0.03432136703045253
0.03427837285139298
0.03425066259831158
0.03403138457176034
0.03404682394531498
0.03403441088142102
0.03400903459410378
0.03414163469994239
0.034240186468554853
0.034340791407265765
0.03430729792123633
0.03427551962495709
0.03413126928922496
0.03402742589648089
0.034042672963760366
0.03401251611110393
0.03398380059061707
0.03396887974007479
0.03394338740697491
0.03398774595973861
0.033877136795593656
0.033852815351912674
0.03372252815267727
0.0337594846539851
0.033508013210041605
0.0334293329761498
0.033402456709840954
0.03354550191484985
0.033565652605343596
0.03368019551130303
0.03363936869898681
0.0336112034745413
0.033713858960598836
0.033497670648064956
0.033460886037191676
0.03343160891322965
0.033389341317418796
0.0333472341335477
0.03333032102314561
0.03321532931536742
0.033032063871571385
0.0331026319165424
0.032990943176199224
0.03293168127714005
0.032817681850063354
0.03280049576471175
0.03282781460709558
0.03289703913443315
0.0328789208053472
0.03276445644804312
0.03279436924171713
0.03276164981966373
0.03276153003317521
0.03272714951102384
0.032696728603774115
0.032890296480654335
0.03295516759664391
0.032887087812538365
0.032907543904006485
0.03282088728935188
0.03289032387203106
0.03287949421168611
0.03288298764632831
0.032851284780478204
0.03283850175324745
0.032714592769321135
0.03271608770729072
0.03248531078057886
0.03245250172925367
0.032415758066256004
0.03251706979648339
0.03266473474491614
0.03266375599315958
0.03256622118442393
0.032525266091950236
0.03264909083099689
0.03262411849673961
0.03257801937399593
0.03266039423495979
0.03261969372095315
0.03258833265568656
0.032612880297552216
0.032383656370916405
0.032427100536440365
0.0322045742600947
0.03205078031781767
0.03189407796150287
0.03189273541959708
0.031916133647056553
0.03189845974598673
0.03166207613984126
0.03163568758725547
0.03163794200724769
0.03161988188416376
0.03160756129050828
0.03149167509228285
0.03146758703449792
0.03153155377007867
0.03156378890139149
0.031495671657615174
0.03146322092947893
0.03148615009406583
0.03144319485979653
0.03130058599077935
0.031265647939567424
0.031194265305506005
0.031221967658449843
0.03122587885544611
0.031167138760474278
0.031173988996143195
0.031061623001105716
0.031063926940945282
0.031016204773347506
0.030865909189561756
0.030646014806321502
0.030718881251198916
0.030654230898616908
0.03062708204783393
0.030445911520358433
0.030396539918875323
0.03036601731304542
0.030356703373546
0.030189866962568156
0.029999638772061292
0.029994686890833143
0.02999059441654925
0.02995656357345113
0.029948279267637438
0.030078949989034685
0.030028714474993883
0.02985325141643178
0.029901980107483725
0.029946645219871
0.030056119860581154
0.030173108934027085
0.0301554133088762
0.030053180544276237
0.03001379055903279
0.029964715736134923
0.029851674797107403
0.02992515043506743
0.0299350611039103
0.03017666271424538
0.02993350728467191
0.029924799563636396
0.029987506936200718
0.02971471908945288
0.029674638716696494
0.029717727175647038
0.029678717410384293
0.029756532089123766
0.02976998398055767
0.02974153638543939
0.029760331999229235
0.02974749856151196
0.02970347997647846
0.02962750783515099
0.02959533543392625
0.029485801341195602
0.029522054800531876
0.029605869216689465
0.02950758188686572
0.029449981858315242
0.02927096881016068
0.02930789559890268
0.029207645359325282
0.029222473798572002
0.029179008702753476
0.02917319905330841
0.029130034097410912
0.029078541324110075
0.029057326356806135
0.029045250995691805
0.02900828397539569
0.028853751436028273
0.028793360218819345
0.028818078323105657
0.028776820536279547
0.028775858373637036
0.028749687668665768
0.0287799850371112
0.028578763574357815
0.028498009983780034
0.028411369594438143
0.028542347744784473
0.028414035222947297
0.02830454442120815
0.02833039508056586
0.028252909580440654
0.028203795756448716
0.028098732136696197
0.028107385696126558
0.028088784149230345
0.028024330143707452
0.027997301424893897
0.02809056312255981
0.028120159857389967
0.028102350090725852
0.028171927457068823
0.028164829072809854
0.028093431430682676
0.028162307775122658
0.028004273013215616
0.02809020928656277
0.027895031445660603
0.02789531923292504
0.027875594889478324
0.027846365492806148
0.02785989039390498
0.027895718782421978
0.02791463973650494
0.02777341490703608
0.027774323801704637
0.02773767784037752
0.027693879117200688
0.027657594023925702
0.027669615905881104
0.02772321585869295
0.027602225860980458
0.0276394666321692
0.027740034600806863
0.027637332036397184
0.027646169334873783
0.027600515013326287
0.0275413632020277
0.027486327207669
0.027485219763729137
0.027514419914138475
0.02750280890337432
0.02738502858721412
0.027549617502519885
0.02758251426747566
0.027509583799045955
0.02753315084012388
0.027555686660758465
0.027456432634050298
0.02741699074007776
0.027358413914422768
0.027363760963374145
0.02725968598053297
0.027223396250034972
0.027241354459530045
0.027223411025318132
0.027182256774500865
0.027105726030339623
0.02713104525247511
0.02687592650483728
0.026839723975174718
0.026806893784358493
0.0268229706108273
0.026828955508950328
0.02679144999113059
0.02673659947222306
0.02651783157751818
0.02649730793604816
0.02647520698564708
0.026458133967462126
0.02653262417002947
0.02644917372048406
0.026449298604822428
0.026449379253322754
0.026371523192850212
0.026335740400944056
0.026267108671864648
0.02623757873898376
0.02620734293327732
0.026166855382238077
0.026093417306277
0.02607500773686024
0.02608909559698718
0.026112554072413443
0.026171572377309965
0.026202212689871218
0.02617823371053457
0.026116044618979834
0.025912708536397
0.025858435881554648
0.025866294248962734
0.025827148012543915
0.025628977168194407
0.02560201522126292
0.025501785409097213
0.025294984608335184
0.025283118137814854
0.025356220121990042
0.025221889673129
0.02519230441935298
0.02512663814396717
0.02514986366016682
0.025086362166131353
0.024923846648090463
0.024877608312516314
0.02490068760202114
0.02476091093011383
0.02472205304630931
0.024662472218673532
0.024649235078941567
0.024588767704957548
0.024567802824855666
0.024598125806444042
0.024610121989359822
0.024844549822323266
0.02481584280164551
0.024817714266542175
0.02465243315379031
0.024647141060883802
0.02466829074465077
0.024562094994923206
0.024391426818724315
0.02433595577606184
0.02439208286053617
0.024396114114913933
0.02436750749398638
0.024350456856085386
0.024414227146318093
0.024404830280212095
0.024363474576261313
0.024332892721163134
0.02430565378328464
0.02425865393978641
0.02423824519165406
0.02424077255174247
0.024263497025093297
0.024217518763399247
0.02423243797168925
0.024265293943542866
0.024139555703077402
0.024121309364706082
0.024137748817973356
0.02411726184226888
0.02411893358440954
0.024093920929204087
0.023916982722623714
0.02386375417883717
0.023863328755140793
0.023871632768262315
0.023707988386491883
0.023762346046375338
0.023640136506907834
0.023593435333195238
0.023520400752801453
0.02335420531766085
0.023365494856397707
0.023414088359631356
0.023378790152771032
0.023325069972191418
0.023308401252824774
0.023316423535375348
0.023239902034251077
0.023290844295563103
0.023278440745451667
0.023196265350357435
0.023156653260921516
0.0230259498738458
0.02304891201672093
0.02306262364554512
0.023040027559129615
0.023083492147460558
0.022952500765089298
0.0229025944363008
0.02276068696185151
0.022709368968876997
0.022772731334279837
0.022642684843869835
0.02257408745245127
0.022623237437136397
0.022564223295613615
0.022540995428811834
0.022513842381829807
0.022502584668147214
0.022358180297937735
0.022248140482872616
0.022264807847063514
0.022282398704127574
0.022277260815708938
0.02223597367116619
0.022282958535902737
0.022292818730924722
0.02225669500803233
0.022272614568418406
0.022264040657188882
0.022280432615945926
0.022176763207070717
0.02216208714480683
0.022043829099696516
0.02202723389759701
0.021990254643337984
0.021995401070556288
0.02198392000523102
0.021912386610855452
0.021944329655820584
0.021886270986707344
0.021781428008705923
0.02179319384527728
0.021843369397874065
0.02177453293347601
0.021673028142133958
0.021653717346774733
0.021562130507369617
0.021530110511416244
0.02139365501820762
0.02138954863534215
0.021364005800285465
0.021297769256907798
0.021258656942168632
0.021258078896440578
0.02124522805938179
0.021260354148897258
0.021221067787860485
0.02117560804356581
0.021090040817248617
0.02096811231487755
0.020954728228632726
0.020920610746724324
0.02096507911673199
0.020865628169962278
0.02078858472951497
0.0207924339818295
0.0207933994607526
0.020707574831212723
0.02065623349264657
0.02057789934745675
0.02057066172551951
0.02061139692085752
0.02048876249066197
0.02047413673505134
0.02047271811458513
0.02046411668304242
0.02045160426507245
0.020446665115006642
0.02040124913640319
0.020417122027191464
0.020407998157722616
0.02036459041873387
0.020378970369728033
0.020384057659781893
0.020385077716034247
0.02030175102593844
0.020336848338467814
0.020337771493670196
0.02031619042931949
0.020188962843628134
0.020150656047218704
0.020179810228258013
0.020195334906665016
0.020191322199754877
0.020158692434464574
0.020148711017114018
0.02014693503647312
0.020112653101398745
0.02009268252453272
0.020069557450134397
0.02006455348790914
0.020095607319777758
0.020086977936260842
0.020096007651369242
0.019999085137742945
0.019986590714947145
0.020039089671069488
0.020006463384170455
0.01992642336263642
0.019955765003127054
0.019901476756468767
0.01992953022918724
0.019817983723210194
0.019825422827145864
0.01986566072430113
0.01983276874267092
0.019719931506370435
0.01964864803207351
0.019690177360760126
0.01970731048011844
0.019630285365426697
0.01956089586042389
0.01956300721142711
0.019472132469334304
0.019434741464613728
0.019304746669133163
0.01926094747645646
0.019249020781155653
0.019192055591364467
0.01920861478926544
0.019167112881900858
0.019111448979363843
0.019096916157827347
0.01904045007814508
0.019039968947884196
0.019026972177486917
0.019023128989252982
0.019007894385644958
0.018984804092222935
0.018925094920630124
0.018934834141117237
0.018808639490125695
0.01879612168960333
0.018794208748423913
0.01876795418655313
0.018743417782477872
0.01864674385559192
0.018599269176792825
0.018498482454518423
0.018473317198251533
0.018459868325247306
0.018375622915605093
0.01830724060827839
0.01822751765953773
0.01820424572244883
0.018115295974109054
0.01811265205011245
0.018058117734253254
0.018035870353603746
0.018051826479103472
0.01796386046847282
0.017916014084602555
0.017881945951397415
0.017859474247556514
0.01779632659536568
0.01776831905419255
0.017717037441285152
0.017646326145402944
0.01762366065824754
0.017655714894899865
0.01766833676049947
0.01759064594663228
0.017560341669358156
0.01756668861976513
0.01752086206029269
0.017454144476061993
0.01744153898395123
0.017329815041982798
0.01725301079765253
0.01715697012323724
0.017138886843228868
0.01705905585849784
0.017016314989966915
0.016947864885073965
0.01690766477969944
0.01684722095115094
0.016832174726042728
0.016829553913179127
0.016765413487412423
0.016667346758105304
0.01660222474118178
0.01657666441632342
0.016496980040530823
0.01645894135441329
0.01651117329114524
0.016458072967240542
0.016453484116185323
0.016382851527610997
0.01636551638888711
0.016341940975539936
0.01628720024250668
0.01624625980535481
0.01620919246504046
0.016160576633972138
0.016076667721815725
0.016036393099302132
0.015984000136865694
0.01591034686109314
0.015870957834299756
0.015876346902874938
0.01581713751858845
0.015768207465528674
0.015729078448662243
0.01567267841577508
0.015655542414036588
0.015630598762660357
0.015550087554442338
0.0155069106695433
0.015475070575980838
0.015498045373871847
0.015464439890835213
0.015395350370311308
0.015367784365531031
0.015330611662302212
0.015334601050567538
0.015313682257652735
0.01524785420314465
0.01525655526604258
0.015238253979556747
0.015159498157729089
0.01513536481711639
0.015056304548071258
0.014980323925461822
0.014927725657433218
0.014861282419137284
0.01477505916796472
0.014736471700544925
0.014678705050556412
0.01459307667593968
0.014570591697074144
0.014546659060550537
0.014519697578723973
0.01449644339598224
0.014512538114078505
0.01446314576045867
0.014435375958439918
0.014465315105590092
0.014400993426076406
0.014346050777639984
0.01438189354554833
0.014397297160902243
0.014361801841218836
0.014305999698174804
0.014289852966039537
0.014293801368490445
0.014217607465738986
0.014208830975658046
0.014168957896682398
0.014063886581968494
0.01400609219454962
0.013969981563250708
0.013945882597592867
0.013958660584802808
0.013892834006468326
0.013862489981464509
0.013873105894878987
0.013877676026374299
0.013866178629672057
0.013842360599575668
0.013841064959997984
0.013862887106242096
0.013892530197193822
0.013886487114485927
0.013829485190345612
0.01377591039059301
0.013759317246957071
0.013697110596942272
0.01362274526825929
0.013618570809063289
0.013564034701291191
0.013552154663443675
0.013496463743117422
0.013463604970833166
0.013441756056203577
0.013384790426107135
0.013370161183373835
0.013364411556069962
0.013266804649843738
0.013214665351438353
0.013196386957311214
0.013131232713294586
0.0130423417287018
0.012966662374407243
0.01292551242136614
0.01291784963572145
0.012865516573563811
0.01279012230689218
0.012767321132476661
0.012733713226482443
0.012695123129274611
0.012623136781704168
0.012570638740377088
0.01251971861785127
0.012475338168526875
0.012430010612405635
0.0123485181807724
0.012322363127851316
0.012299627789310156
0.012278651836240401
0.012227891589082407
0.012167991408234286
0.012084670261939127
0.01204008174873257
0.011981759559113037
0.011932576070131505
0.011883315408971893
0.011835397350772424
0.011843420622332176
0.011813526776089267
0.011756270627205159
0.011716356911829975
0.011614581221337565
0.011496729134630358
0.011494806957504999
0.01145940150492328
0.011414789466071404
0.011369000648525402
0.011338435496831726
0.011307486777367292
0.011309825629060395
0.01127821000041619
0.011232067741101618
0.011194144504856684
0.011186526871759835
0.01113335942731412
0.01109442635840546
0.011037781326130728
0.010937770029531729
0.010898852628964133
0.010892061803710886
0.010815343310849972
0.010793459680520884
0.010770203983589216
0.010731364351755214
0.010716203239210569
0.010726384304194389
0.010671074136388698
0.010629647985792674
0.01056561452319745
0.010491554023372133
0.010459561868481293
0.010396992916706748
0.010384925590069325
0.010380606733050867
0.01037103649152336
0.01034735192368598
0.010318540862414599
0.010242177080289317
0.010163210657121686
0.010137014468092766
0.010138779968426357
0.010117032438286136
0.010112610258369856
0.0100522623472356
0.010052163700337494
0.010059230538009402
0.009960758069897546
0.009880066128557559
0.009828622841724996
0.009746446855911261
0.009745901874264527
0.009694597461609045
0.009672183688944265
0.009655833008850957
0.009607492995517736
0.009524873819170788
0.009508053822733764
0.009440657754897738
0.009416572016288587
0.009366266999145775
0.009297746130579826
0.009230780752201809
0.00919546041383627
0.009129562161475258
0.009137562393243282
0.009061151119309475
0.00900070335806777
0.008976949791947774
0.008942925829200608
0.008879785900629161
0.008835047340614504
0.008787886153838348
0.00875948554518882
0.008708640453154103
0.008681693724156364
0.008631385867875502
0.008565873058500553
0.00851319654936535
0.008493488553600187
0.008436185350301665
0.008377878592994756
0.008340171414105868
0.008332337795971098
0.008317662646383306
0.008271346153447233
0.008231373653940175
0.00822623359916385
0.008224403314711429
0.008155126116650853
0.008139733862781067
0.008103582224073504
0.00805213707814992
0.008035397521977697
0.007947386454039982
0.007887382080979397
0.007805085926511598
0.007782270784722464
0.007759455086974287
0.007730143767185044
0.007713400291017776
0.00765450328434867
0.007602819178438877
0.007561318318514329
0.007547981147957774
0.007558062386073088
0.007534991460733404
0.00751687429872341
0.007476982640917099
0.007472617128200312
0.007467544346689339
0.0074674690859205224
0.007419095514253469
0.007410025786388585
0.007402490600658599
0.007384905586873033
0.007374671094139802
0.007326611749678815
0.007250665775431126
0.007188212590067103
0.0071840885805645825
0.007158794750198994
0.007146867689967876
0.0070623277357387566
0.007025182159793252
0.006973249641162821
0.006911885386567402
0.006856496122427003
0.0068371852598014685
0.006823293025579437
0.006813828834344047
0.006749558525934256
0.006742942838010555
0.006668564122404029
0.006606275291092299
0.006580960637195649
0.006534699200669143
0.006500798455503756
0.006459521372038585
0.0064037476456091594
0.0063486119494046474
0.006310030518928917
0.006272992161174803
0.006268251249797938
0.006216678595284093
0.006192703304397352
0.006177475740752074
0.006160842982777538
0.006134300898597571
0.00609497365498013
0.0060588030999057865
0.0060563670706240726
0.006029247120534049
0.005960746532663513
0.005951237095720511
0.005905488379992056
0.005843207207066216
0.0058151894749015574
0.005754972145567512
0.005695169815858447
0.005628861053687659
0.0055992295440061785
0.005552131562233187
0.00554090277528959
0.005510608708883854
0.005447072503343149
0.005406479077015032
0.005392343553941495
0.00536883987327442
0.005332656311287999
0.005298164610975422
0.005265220311959924
0.00523304110515475
0.005206028830133386
0.005185239567600652
0.0051848185925699565
0.005144287168801348
0.005135533474439371
0.005103919534948001
0.005093762414491972
0.005082024815561723
0.005026878400934046
0.0049711289369725005
0.004943292796387369
0.004942570459602282
0.004941494493488681
0.004921934002966428
0.004907328160896707
0.004868565223117524
0.004854819145922395
0.004819349289665114
0.004806676623007199
0.004792824445627748
0.004763219140477376
0.004740176391089894
0.004720928759132536
0.0046923925233057304
0.004679956102201614
0.00464906795844262
0.004582566732868399
0.004536960327451955
0.00450426294799895
0.004476447090147784
0.004470126875695891
0.004429635523031462
0.0044162517680586405
0.004397796934044745
0.004389837138586172
0.004384932948227682
0.004359023308316621
0.004327746114947774
0.004324915078689646
0.004321449180144532
0.004297435947681613
0.004283049584972918
0.004278346020722938
0.004264280464258838
0.004239396010192266
0.004220682194876115
0.004215469808799996
0.004190619563469993
0.004160107130792645
0.004109705970720375
0.004083842076970281
0.004064359573789495
0.004058439736214087
0.004029905229369478
0.0039749395360651005
0.003972246722670154
0.003938051804904341
0.003921396971098259
0.0038916513907917925
0.003873984541743628
0.0038451133971062514
0.0038233885739131024
0.003809480827124508
0.0037954457215375673
0.0037632479556795866
0.003748232244029508
0.003729597933966661
0.003716045819738293
0.003715739048923096
0.0037088575195810968
0.003692279031918747
0.003676840542516383
0.003647468016485821
0.0036190318075184982
0.003619070638485352
0.003612417891185772
0.0036026255835457694
0.003578232209890695
0.0035736109440866483
0.0035588385847513467
0.0035489803307832994
0.003533108084252259
0.0035305362830856802
0.0035166250744993717
0.0035028307530971378
0.0034978220247611795
0.003481472981321804
0.0034696406848988104
0.0034615815402126975
0.0034485978978217304
0.0034374191574433515
0.003408087887079668
0.0033985649271059855
0.0033943680702722286
0.003382189097683561
0.0033794098301358154
0.0033775432746800506
0.0033751014633836996
0.0033681333510086407
0.003352504058288358
0.0033427040283434076
0.003337736578466547
0.0033351955921860237
0.003318913290329157
0.0033198350769433785
0.0033117772791250296
0.003301614801300328
0.0032905273265649584
0.003289016090299666
0.0032875265147963577
0.0032796809211396404
0.0032712081582636624
0.0032690706536696356
0.0032683404509782424
0.0032674241335803335
0.003261571812223326
0.003255610394079173
0.003239394135502894
0.0032322267349330614
0.0032267635205651883
0.003223403048959037
0.0032115437635775405
0.003208252375124358
0.00319948884379185
0.0031940847812709124
0.0031921116972012634
0.0031896140621772325
0.00318615883816205
0.00318568925647269
0.0031777830888658582
0.003176252866022213
0.00317580673031064
0.0031737358654638386
0.0031730409602613893
0.0031647486023624128
0.0031639121154342026
0.003163684797661791
0.0031621797319503534
0.003158986417865167
0.0031584516333656464
0.0031549351202479047
0.0031538375879420553
0.003154040577007702
0.0031502370638600676
0.003150190635475172
0.003149940760207015
0.003149936093124617
0.003146571845431025
0.003143727268496905
0.0031439269365448707
0.0031429048272591333
0.003143468872766827
0.003143395893481809
0.003143651883211569
0.003141808512706308
0.0031412125738739163
0.0031405604173040703
0.003140985308825498
0.0031411600237546025
0.0031407743113330234
