0.0
0.0
0.0
0.0
0.03798077612418007
0.03798077612418007
0.03798077612418007
0.012327460396754919
0.004320296735566064
0.004320296735566064
0.004320296735566064
0.000780385138005673
0.0002587039709769153
0.0033940557650669204
0.0010517930481337618
0.0003589646046066816
0.00028233046036784423
7.107683282762302e-05
7.107683282762302e-05
3.441748189708109e-06
3.441748189708109e-06
5.025144312594309e-05
5.025144312594309e-05
5.025144312594309e-05
5.025144312594309e-05
4.1763365702580296e-06
4.1763365702580296e-06
1.9310135849104512e-07
