0.15875804609271307
0.15875804609271307
0.025757940362294878
0.025757940362294878
0.025757940362294878
0.025757940362294878
0.025757940362294878
0.01161914064099474
0.009054662302578913
0.009054662302578913
0.009054662302578913
0.009166994967378132
0.009177825621183683
0.007600694907905906
0.0074801670636120915
0.0074362534300088014
0.0074362534300088014
0.007435929440864014
0.007435929440864014
0.007435929440864014
0.007435929440864014
0.007435929440864014
0.007435878726879556
