0.04354006694264481
0.04354006694264481
0.04354006694264481
0.04354006694264481
0.026364304373871675
0.026364304373871675
0.026364304373871675
0.02287621843503836
0.02227584571996717
0.02227584571996717
0.02227584571996717
0.022313820368974786
0.022313254828631494
0.02253847281713901
0.022523472759481838
0.022521931282466615
0.02252529514773542
0.022525063114169044
0.022525063114169044
0.02252503909360118
0.02252503909360118
0.022525295146770555
0.022525295146770555
0.022525295146770555
0.022525295146770555
0.02252533277545613
0.02252533277545613
0.022525333157819842
