0.21385173997534437
0.21385173997534437
0.21385173997534437
0.13969320920655073
0.13969320920655073
0.0945637893677697
0.09648240252504307
0.0952352654657519
0.039606382881015145
0.026787497614539277
0.024841691320183955
0.019926114038802942
0.019924947151155024
0.019911787186663452
0.019909346794783546
0.019909346794783546
0.019910234805419584
0.019910234805419584
0.01991023521373773
0.01991023521373773
0.019910235168579777
0.019910235168579777
0.019910234553558684
0.019910234553558684
0.01991023450577336
