12.3203125
20.875
27.5390625
29.44140625
31.77734375
42.3359375
43.78125
43.78515625
43.78515625
43.78515625
43.78515625
43.81640625
44.9453125
44.9453125
44.9453125
50.82421875
50.84375
50.84375
50.84375
50.8984375
53.4609375
53.8515625
58.7265625
59.03125
62.421875
69.0546875
72.09375
75.3828125
87.0703125
87.0703125
87.0703125
87.0703125
87.0703125
87.0703125
87.0703125
87.0703125
87.0703125
87.0703125
87.34375
87.34375
87.34375
88.90625
89.09375
89.09375
89.1328125
90.453125
91.421875
94.6875
95.28125
95.75
95.875
95.8828125
95.8828125
95.8828125
95.8828125
95.8828125
95.8828125
95.8828125
95.8828125
95.8828125
95.8828125
95.9765625
95.9921875
95.9921875
95.9921875
96.3359375
97.6484375
97.7890625
98.09375
98.3203125
98.3671875
98.3671875
98.3671875
