100.0
100.0
99.97916666666667
99.95833333333334
99.9140625
99.875
99.85416666666667
99.84635416666667
99.79166666666667
99.78645833333334
99.76822916666667
99.7421875
99.7421875
99.68229166666667
99.67708333333334
99.65885416666667
99.62239583333334
99.58333333333334
99.57552083333334
99.53645833333334
99.1015625
98.75520833333334
98.48177083333334
98.18229166666667
97.75520833333334
97.44270833333334
97.09375
96.71875
96.375
95.92447916666667
95.484375
95.2265625
94.78645833333334
94.4140625
94.02604166666667
93.62239583333334
93.12239583333334
92.69010416666667
87.41145833333334
82.71354166666667
78.66927083333334
74.7109375
70.890625
67.90104166666667
64.203125
60.348958333333336
56.11718750000001
51.875
47.29947916666667
42.958333333333336
38.24479166666667
33.08854166666667
28.390625000000004
23.666666666666668
19.1875
14.966145833333334
0.0
0.0
0.0
0.0
0.0
0.0
0.0
0.0
0.0
0.0
0.0
0.0
0.0
0.0
0.0
0.0
0.0
0.0
0.0
0.0
0.0
0.0
0.0
0.0
0.0
0.0
0.0
0.0
0.0
0.0
0.0
0.0
0.0
0.0
0.0
0.0
