100.0
100.0
100.0
100.0
99.99739583333334
99.97916666666667
99.97916666666667
99.97916666666667
99.97916666666667
99.9609375
99.91927083333334
99.91666666666667
99.91145833333334
99.890625
99.86979166666667
99.86979166666667
99.83333333333334
99.83072916666667
99.83072916666667
99.828125
99.65104166666667
99.42708333333334
99.26041666666667
99.16666666666667
98.95052083333334
98.828125
98.66927083333334
98.54427083333334
98.34895833333334
98.09895833333334
97.91666666666667
97.76041666666667
97.5546875
97.390625
97.23697916666667
97.0
96.77083333333334
96.6015625
94.6015625
92.3828125
89.95572916666667
87.34895833333334
85.046875
82.61979166666667
80.76041666666667
79.02083333333334
77.1640625
75.0859375
73.1015625
70.77864583333334
69.046875
66.88020833333334
64.97395833333334
63.26562500000001
61.47916666666667
59.44791666666667
38.1875
15.229166666666668
2.0052083333333335
0.0
0.0
0.0
0.0
0.0
0.0
0.0
0.0
0.0
0.0
0.0
0.0
0.0
0.0
0.0
0.0
0.0
0.0
0.0
0.0
0.0
0.0
0.0
0.0
0.0
0.0
0.0
0.0
0.0
0.0
0.0
0.0
0.0
