5.5234375
10.421875
13.22265625
14.20703125
15.48828125
19.2265625
21.375
21.3828125
21.3828125
21.3828125
21.3828125
21.4453125
22.03125
22.04296875
22.0859375
25.5
25.75
25.75
25.75
25.75
26.5
26.609375
28.7421875
28.921875
31.1015625
35.71875
38.859375
44.0703125
56.4453125
56.4453125
56.4453125
56.4453125
56.4453125
56.4453125
56.4453125
56.4453125
56.4453125
56.4453125
56.5546875
56.5546875
56.5546875
57.875
59.234375
59.234375
59.25
62.9765625
66.203125
70.8984375
72.7734375
73.46875
73.90625
74.0078125
74.12890625
74.12890625
74.12890625
74.12890625
74.12890625
74.12890625
74.12890625
74.20703125
74.28515625
75.32421875
75.49609375
75.49609375
76.36328125
77.55078125
80.41796875
81.33203125
82.28125
83.796875
84.0703125
84.0703125
84.0703125
