0.04906539174767527
0.04906539174767527
0.04906539174767527
0.04906539174767527
0.04906539174767527
0.04906539174767527
0.04906539174767527
0.04906539174767527
0.04906539174767527
0.04906539174767527
0.04906539174767527
0.04906539174767527
0.04906539174767527
0.04906539174767527
0.04906539174767527
0.04906539174767527
0.04906539174767527
0.04906539174767527
0.04906539174767527
0.04906539174767527
0.04906539174767527
0.04906539174767527
0.04906539174767527
0.04906539174767527
0.04906539174767527
0.04906539174767527
0.04906539174767527
0.04906539174767527
0.04906539174767527
0.04906539174767527
0.04906539174767527
0.04906539174767527
0.04906539174767527
0.04906539174767527
0.04904452256959514
0.048958285443400154
0.04856936246263457
0.04849418979525256
0.048347099550533915
0.04802367497474033
0.04789313340105904
0.04774312934051613
0.04763553954015568
0.04755186896082967
0.04750254049993251
0.0475170272842012
0.047552466609849374
0.047575339927757296
0.047603480340993126
0.04761345641539611
0.0476202397446223
0.0476234443252922
0.04762170820472416
0.04761404141875227
0.04760274166906484
0.04760175958024094
0.04760171363971422
0.04760115074476168
0.04760115422833678
0.047600997228564354
0.04760049866252894
0.047600538894066464
0.047600355292688405
0.047599859994963016
0.04759962419412859
0.0475995728957336
0.04759940222641691
0.047599430900161124
0.04759937177089484
0.04759927617520714
0.047599137911273987
0.04759913612328481
0.04759915065330945
