0.0
0.0
0.0
0.0
0.0
0.0
0.0
0.0
0.0
0.0
0.0
0.0
0.0
0.0
0.0
0.0
0.0
0.0
0.0
0.0
0.0
0.0
0.0
0.0
0.0
0.0
0.0
0.0
0.0
0.0
0.0
0.0
0.0
0.0
0.21875
1.28125
13.65234375
17.234375
23.3984375
28.84765625
34.23828125
39.1171875
43.46484375
46.48828125
50.21484375
54.2578125
58.12890625
62.5234375
66.4453125
69.921875
73.4375
77.546875
83.4296875
89.359375
93.421875
94.0625
94.38671875
94.8671875
94.9296875
95.05078125
95.30859375
95.8671875
96.359375
96.7265625
96.875
97.3671875
97.7421875
97.859375
98.0546875
98.609375
98.8984375
99.265625
99.546875
