100.0
100.0
100.0
100.0
100.0
100.0
100.0
100.0
100.0
100.0
100.0
100.0
100.0
99.98177083333334
99.97916666666667
99.97916666666667
99.97916666666667
99.97916666666667
99.97916666666667
99.97916666666667
99.95572916666667
99.93229166666667
99.875
99.84895833333334
99.7890625
99.77083333333334
99.74739583333334
99.703125
99.69791666666667
99.65885416666667
99.63802083333334
99.63020833333334
99.60416666666667
99.5625
99.484375
99.46614583333334
99.40885416666667
99.3515625
99.1484375
98.72135416666667
98.17708333333334
97.90104166666667
97.64583333333334
97.39322916666667
96.953125
96.703125
96.34375
96.02604166666667
95.67708333333334
95.33072916666667
94.96875
94.4765625
93.8828125
93.51302083333334
93.11197916666667
92.69010416666667
87.91145833333334
83.546875
78.84635416666667
74.83072916666667
71.3125
67.58333333333334
64.27604166666667
61.356770833333336
57.60156250000001
53.247395833333336
48.73697916666667
44.591145833333336
40.341145833333336
35.35416666666667
30.585937500000004
25.791666666666668
21.2890625
16.8828125
0.39583333333333337
0.0
0.0
0.0
0.0
0.0
0.0
0.0
0.0
0.0
0.0
0.0
0.0
0.0
0.0
0.0
0.0
0.0
