0.051029710722916476
0.051029710722916476
0.051029710722916476
0.051029710722916476
0.051029710722916476
0.051029710722916476
0.051029710722916476
0.051029710722916476
0.051029710722916476
0.051029710722916476
0.051029710722916476
0.051029710722916476
0.051029710722916476
0.051029710722916476
0.051029710722916476
0.051029710722916476
0.051029710722916476
0.051029710722916476
0.051029710722916476
0.051029710722916476
0.051029710722916476
0.051029710722916476
0.051029710722916476
0.051029710722916476
0.051029710722916476
0.05102961447777837
0.05099701879585298
0.05096849307738577
0.05097012903933255
0.0509202868293323
0.05063501072066677
0.05060102055141991
0.05032607025419449
0.04971173159306976
0.047697556187158874
0.04651299487219763
0.04556183947071503
0.045444376627936864
0.04538996291264082
0.04533057325758586
0.04523381133359058
0.04514132335481942
0.045124829180292834
0.045102443571181476
0.04508241230671418
0.04507839694766983
0.04507154987898964
0.045059146450400094
0.04503641372610342
0.04501165972999089
0.045005204728845276
0.04499814454788848
0.04499197843982094
0.04498851804039404
0.04498170917733278
0.044980881875023665
0.044980020334008435
0.044979413144262244
0.044979395686906336
0.0449795325450794
0.044979524308123964
0.044979085406575366
0.04497887989853765
0.04497866638596817
0.04497865197001117
0.04497863771751345
0.04497864428816076
0.04497876469599415
0.04497864289092851
0.044978636693221725
0.044978638476021085
0.04497862435701612
0.04497862234130436
