99.9765625
99.80989583333334
99.625
99.42447916666667
99.20833333333334
99.03385416666667
98.80729166666667
98.66666666666667
98.45572916666667
98.27864583333334
98.140625
97.97395833333334
97.765625
97.6171875
97.4296875
97.24739583333334
97.07552083333334
96.90104166666667
96.79166666666667
96.6328125
94.94270833333334
92.62760416666667
90.06510416666667
87.30208333333334
84.93489583333334
82.94270833333334
80.70052083333334
78.73958333333334
76.91927083333334
74.8359375
72.17447916666667
70.52864583333334
68.99479166666667
67.28645833333334
65.49739583333334
63.434895833333336
61.669270833333336
59.934895833333336
38.34635416666667
15.302083333333334
2.0286458333333335
0.0
0.0
0.0
0.0
0.0
0.0
0.0
0.0
0.0
0.0
0.0
0.0
0.0
0.0
0.0
0.0
0.0
0.0
0.0
0.0
0.0
0.0
0.0
0.0
0.0
0.0
0.0
0.0
0.0
0.0
0.0
0.0
0.0
0.0
0.0
0.0
0.0
0.0
0.0
0.0
0.0
0.0
0.0
0.0
0.0
0.0
0.0
0.0
0.0
0.0
0.0
