0.0
0.0
0.0
0.0
0.0
0.0
0.0
0.0
0.0
0.0
0.0
0.0
0.0
0.0
0.0
0.0
0.0
0.0
0.0
0.0
0.0
0.0
0.0
0.0
0.0
0.0078125
0.09765625
0.171875
0.2265625
0.3984375
1.2109375
2.4765625
5.87109375
14.34765625
30.1171875
48.31640625
64.9453125
66.87109375
68.4375
69.8515625
71.52734375
72.9609375
74.05078125
75.0703125
76.8671875
79.5078125
81.15625
83.56640625
85.84765625
88.703125
90.00390625
91.90234375
94.47265625
95.94140625
97.0625
97.2421875
97.46875
97.6171875
97.7421875
97.9140625
97.9296875
98.1484375
98.3359375
98.4140625
98.484375
98.546875
98.609375
98.8828125
99.1953125
99.4609375
99.4765625
99.5390625
99.6015625
