100.0
100.0
100.0
100.0
100.0
100.0
100.0
100.0
100.0
100.0
100.0
100.0
100.0
100.0
100.0
100.0
100.0
100.0
100.0
100.0
100.0
99.99739583333334
99.97916666666667
99.9765625
99.95833333333334
99.9375
99.9375
99.93229166666667
99.91666666666667
99.91666666666667
99.91145833333334
99.89583333333334
99.87760416666667
99.87239583333334
99.86458333333334
99.84635416666667
99.83072916666667
99.80989583333334
99.69791666666667
99.59375
99.45833333333334
99.1953125
99.05989583333334
98.9921875
98.91666666666667
98.75520833333334
98.61458333333334
98.41927083333334
98.27083333333334
98.19791666666667
97.98697916666667
97.86458333333334
97.67447916666667
97.4765625
97.2734375
97.0859375
94.66927083333334
92.72916666666667
90.28645833333334
87.9921875
85.62239583333334
82.953125
80.73958333333334
78.4765625
76.17708333333334
74.25
72.57552083333334
70.84895833333334
69.109375
67.015625
65.20833333333334
63.630208333333336
61.57291666666667
59.34635416666667
37.40885416666667
17.697916666666668
6.453125
1.3359375
0.140625
0.002604166666666667
0.0
0.0
0.0
0.0
0.0
0.0
0.0
0.0
0.0
0.0
0.0
0.0
