13.3203125
23.59375
30.81640625
32.89453125
35.43359375
48.24609375
49.08203125
49.08203125
49.08203125
49.08203125
49.08203125
49.08203125
50.7734375
50.7734375
50.8203125
56.45703125
56.45703125
56.45703125
56.45703125
56.45703125
59.70703125
60.19921875
65.44921875
65.70703125
68.67578125
74.93359375
77.578125
79.1328125
89.5078125
89.5078125
89.5078125
89.5078125
89.5078125
89.5078125
89.5078125
89.5078125
89.5078125
89.5078125
89.5625
89.5625
89.5625
90.1640625
90.4921875
90.4921875
90.5
91.671875
92.0546875
95.5546875
95.9609375
96.4609375
96.5078125
96.5078125
96.5078125
96.5078125
96.5078125
96.5078125
96.5078125
96.5078125
96.5078125
96.5078125
96.5078125
96.5546875
96.5625
96.5625
96.5625
96.625
98.04296875
98.0546875
98.40234375
98.7265625
98.796875
98.796875
98.796875
