0.0
0.0
0.0
0.0
0.0
0.0
0.0
0.0
0.0
0.0
0.0
0.0
0.0
0.0
0.0
0.0
0.0
0.0
0.03515625
0.09375
0.12890625
0.15625
0.1953125
0.27734375
0.5390625
1.21875
1.73828125
2.31640625
3.71875
6.87109375
11.95703125
19.54296875
29.7890625
41.33203125
52.27734375
63.61328125
74.58984375
75.96875
77.3046875
79.27734375
80.2421875
81.6640625
82.7421875
84.5390625
86.125
87.72265625
88.90625
90.44140625
91.2890625
92.36328125
93.48046875
94.5859375
95.51953125
96.30859375
97.71875
97.98046875
98.1015625
98.21875
98.296875
98.4140625
98.421875
98.421875
98.546875
98.609375
98.765625
98.828125
98.8359375
99.0234375
99.140625
99.2890625
99.4140625
99.46875
99.6015625
