0.055329356309892955
0.055329356309892955
0.055329356309892955
0.055329356309892955
0.055329356309892955
0.055329356309892955
0.055329356309892955
0.055329356309892955
0.055329356309892955
0.055329356309892955
0.055329356309892955
0.055329356309892955
0.055329356309892955
0.055329356309892955
0.055329356309892955
0.055329356309892955
0.055329356309892955
0.055329356309892955
0.05532778231776468
0.055309385009087705
0.05530533568032875
0.05529961276104598
0.05528316104958499
0.055265665010378426
0.05517817662843148
0.05502155585035185
0.054920992463417355
0.05479140083313469
0.054565014488385404
0.05385782095246678
0.05283552660235645
0.05158744678440894
0.05000936693299904
0.047610852810391256
0.04623293508394023
0.04559555387140819
0.04494527543599101
0.04488722763412817
0.04482325823559211
0.044712364730935435
0.04467147246715009
0.04461680686067665
0.04458587660738916
0.04450775634044556
0.044492201016111343
0.04447054368242026
0.04446823362466514
0.04445060764416235
0.04443950095691813
0.04442814158352688
0.04441937274001684
0.044411616838096295
0.044406194428406744
0.044403606711863
0.044394165159275176
0.04439368053335516
0.04439381268736847
0.044393579980496554
0.04439313778720563
0.04439316869111983
0.04439317512563288
0.04439317512563288
0.04439324806393657
0.04439326971576301
0.044394011026043956
0.044394000212104275
0.04439400915862506
0.04439426429254653
0.044394220956653595
0.04439423733464797
0.04439423781353897
0.044394262524815174
0.04439428808943217
