0.13991954503673765
0.13852840069073272
0.13740270474751545
0.13571326374441958
0.13354558069982836
0.12982190398640542
0.12744791176093562
0.12466020044501859
0.1216594634690196
0.11816885519178247
0.11751726048655928
0.11552670270026331
0.11164528553409579
0.10807273380249324
0.10135186709797232
0.09675147680872921
0.0913420897346069
0.0859619865101118
0.07269259448863291
0.07098105573653188
0.06944360857077844
0.06826168339770324
0.06656260919940675
0.064984634858166
0.06294694078433373
0.0611826509028153
0.05994467382546416
0.05910937061120226
0.05781583264733947
0.05659473552655766
0.05527813594795581
0.054413657822236276
0.05348491285651867
0.052731473071101195
0.05218465218999435
0.0517839297845464
0.05131492885699637
0.05129984871057853
0.051291373847040606
0.051277552055449
0.05125118942111184
0.051211900992817964
0.05119641093292085
0.05119382729631827
0.05118430832353181
0.0511796809719867
0.05117458062913907
0.05117307579214212
0.0511668693064782
0.05116027737748085
0.051156246942355904
0.05115443432852795
0.05115255258881088
0.05115210202299581
0.051152225613155786
0.051152225613155786
0.05115222961473683
0.05115222961473683
0.05115222961473683
0.05115222961473683
0.05115222961473683
0.05115222961473683
0.05115222961473683
0.05115222961473683
0.05115222961473683
0.05115222961473683
0.05115222961473683
0.05115224246096787
0.05115224246096787
0.05115224302526035
0.05115224302526035
0.05115224302526035
0.05115224302526035
