4.77734375
5.1484375
5.609375
6.23046875
6.59375
7.07421875
7.6484375
8.28515625
9.109375
9.8671875
10.60546875
11.546875
13.0390625
14.890625
17.5
20.29296875
23.671875
29.6640625
43.47265625
45.51171875
47.68359375
49.65625
51.92578125
54.64453125
57.046875
59.7734375
61.66015625
64.0234375
66.89453125
69.73046875
72.8359375
75.79296875
79.12890625
82.39453125
85.85546875
89.9375
93.66015625
93.9765625
94.24609375
94.53125
94.93359375
95.53125
95.8203125
95.890625
96.140625
96.328125
96.61328125
96.92578125
97.28125
97.8359375
98.15625
98.359375
98.90625
99.1015625
99.5390625
99.5390625
99.546875
99.546875
99.546875
99.546875
99.546875
99.546875
99.546875
99.546875
99.546875
99.546875
99.546875
99.6015625
99.6015625
99.609375
99.609375
99.609375
99.609375
