17.07421875
29.0703125
35.91796875
38.41796875
43.41015625
56.9453125
57.375
57.375
57.375
57.375
57.375
57.375
60.83203125
60.83203125
60.88671875
70.8125
70.8125
70.8125
70.8125
71.03125
73.71875
74.3515625
79.265625
79.4375
83.78125
89.765625
90.328125
90.609375
96.046875
96.046875
96.046875
96.046875
96.046875
96.046875
96.046875
96.046875
96.046875
96.046875
96.046875
96.046875
96.046875
96.15625
96.15625
96.15625
96.15625
96.34375
96.390625
98.796875
98.828125
99.171875
99.171875
99.171875
99.171875
99.171875
99.171875
99.171875
99.171875
99.171875
99.171875
99.171875
99.171875
99.171875
99.171875
99.171875
99.171875
99.171875
99.5546875
99.5546875
99.609375
99.609375
99.609375
99.609375
99.609375
