98.44791666666667
96.9296875
94.8359375
92.796875
90.45833333333334
87.6875
85.69791666666667
83.73177083333334
81.52864583333334
79.1953125
77.30729166666667
75.50520833333334
73.20052083333334
71.38541666666667
69.54166666666667
68.03385416666667
66.13020833333334
64.2265625
62.06250000000001
59.966145833333336
38.747395833333336
16.1875
2.354166666666667
0.0
0.0
0.0
0.0
0.0
0.0
0.0
0.0
0.0
0.0
0.0
0.0
0.0
0.0
0.0
0.0
0.0
0.0
0.0
0.0
0.0
0.0
0.0
0.0
0.0
0.0
0.0
0.0
0.0
0.0
0.0
0.0
0.0
0.0
0.0
0.0
0.0
0.0
0.0
0.0
0.0
0.0
0.0
0.0
0.0
0.0
0.0
0.0
0.0
0.0
0.0
0.0
0.0
0.0
0.0
0.0
0.0
0.0
0.0
0.0
0.0
0.0
0.0
0.0
0.0
0.0
0.0
0.0
0.0
