99.74739583333334
99.34895833333334
98.97395833333334
98.66666666666667
98.375
98.08072916666667
97.69010416666667
97.36197916666667
97.015625
96.71614583333334
96.39322916666667
95.96875
95.66145833333334
95.125
94.734375
94.27604166666667
94.01302083333334
93.6171875
93.16145833333334
92.65104166666667
87.86458333333334
83.41666666666667
78.95052083333334
74.72395833333334
70.66145833333334
67.7109375
63.770833333333336
60.07812500000001
55.78385416666667
51.200520833333336
46.3828125
41.671875
37.0390625
32.55729166666667
27.479166666666668
22.856770833333336
18.4140625
14.322916666666668
0.0
0.0
0.0
0.0
0.0
0.0
0.0
0.0
0.0
0.0
0.0
0.0
0.0
0.0
0.0
0.0
0.0
0.0
0.0
0.0
0.0
0.0
0.0
0.0
0.0
0.0
0.0
0.0
0.0
0.0
0.0
0.0
0.0
0.0
0.0
0.0
0.0
0.0
0.0
0.0
0.0
0.0
0.0
0.0
0.0
0.0
0.0
0.0
0.0
0.0
0.0
0.0
0.0
0.0
