0.022315838392449685
0.02213616458829902
0.022031098231644727
0.022038160435468565
0.021862261838244378
0.021686265763251365
0.02156200055682876
0.021379543091578166
0.0211334068276648
0.021097847939127504
0.020946950074108534
0.020897088750034928
0.020989884194809575
0.020834168330464045
0.02085527122971018
0.0208453323472579
0.02087603407174523
0.02072551192119592
0.020670310065740237
0.02068872602699486
0.02071018475798123
0.020725255384137792
0.020705402136935162
0.02066640284360417
0.02066488342272551
0.02077696237135825
0.020755350947042374
0.020630241487171967
0.020501549582302818
0.020491236409763875
0.020441461529261056
0.020385290198585444
0.020306010943619827
0.0202518552349578
0.02027902363659964
0.020125847505951817
0.020060777080992704
0.01995081301428466
0.01992217453934242
0.0200048240097412
0.019987314428279314
0.02001986114523607
0.019946198037099152
0.01987636796551773
0.019729094803436684
0.01973498118601482
0.01972152157618901
0.01961175386582125
0.019558488932161583
0.019577146121293423
0.01945540761205327
0.019441931594640156
0.019313607393335833
0.019387161226563542
0.019364517652319876
0.019237515944539627
0.0192180507629938
0.019232418039611437
0.019226219075507357
0.019248036364985635
0.0193002995097636
0.019317414796635908
0.01933070127742811
0.019407291691101176
0.01935216534091388
0.019362924715491503
0.019412787991004488
0.019279584154701015
0.019170561038310996
0.0191116421106506
0.019009152875528495
0.018930511232742395
0.01884862406408276
0.018689676232749385
0.018627457674245236
0.018635226143949822
0.01871262697728572
0.01870792437351382
0.01873012925234933
0.018710706725708712
0.01861204314052713
0.018507278185988192
0.018507843498113002
0.01853317933233482
0.018456345542838086
0.018362537462064604
0.018335207606092894
0.01827140071271345
0.01813289802397634
0.018136310582606324
0.018081244610624197
0.018052790815355692
0.018123549869195274
0.018146019285899945
0.018172510815313396
0.01807916201187567
0.01812899319376973
0.017997139285915453
0.018021614840556602
0.017942853003348604
0.017856188924631648
0.017764753018592334
0.017745155419275984
0.01768758850633862
0.017590214000813845
0.01752795584506662
0.017465622596484147
0.01744151300548946
0.017431033399592333
0.01743758231202797
0.017458534934832244
0.01735836310320931
0.017353185585457974
0.01728076497076457
0.017223742814164097
0.017137921062842103
0.017138913305708492
0.017057240734883742
0.01696821432226076
0.016888272177383805
0.01690949482253872
0.016779630039401493
0.016776221513025543
0.01664099925502802
0.016654151589217302
0.016664550657369905
0.016563973815982548
0.016628319038497145
0.016579958413092757
0.016541739249694883
0.016542808890206862
0.01652578510483795
0.01654530260914435
0.016493246684502694
0.016420211728315415
0.016382101053972555
0.016400429823187398
0.016307031609939796
0.0162282134930337
0.01617052000776296
0.016218702193044367
0.016221571477289125
0.016197425354428086
0.01612514538986066
0.01617916694501144
0.01617565093811279
0.01620405428022974
0.016127827972091877
0.01607727361876803
0.01609873865376564
0.016106385625935055
0.01609042720503309
0.015993682689366944
0.015922322893875684
0.015869063579009482
0.015863534815955066
0.01587327662184611
0.01588208055366033
0.01578854701733004
0.015770596702319544
0.01569745188992385
0.01569940749058213
0.015704220367308494
0.01572051018990427
0.01571121050520549
0.015714361200777842
0.01572546378040785
0.01573385647048521
0.015727091102155893
0.015778060801393243
0.015759386516519754
0.015752941294819366
0.01578238422636736
0.01571427004550825
0.01567518145950864
0.01557804834639314
0.015489832704641123
0.015438477197489867
0.01536192925549502
0.01540282421987452
0.015350811865724342
0.01535355387633801
0.015358487503656384
0.015314662740381142
0.015235472147316263
0.015130098655964642
0.015085611648228714
0.015054193758434184
0.01506881674622764
0.015031730833959969
0.01497276922316517
0.014920010954450079
0.0148598127680714
0.014746797563006344
0.014664000532994293
0.014613367989570957
0.01466186419829317
0.014668938421065519
0.014588235749852754
0.014487360332089923
0.014423027159263462
0.014324303279399844
0.01426322759837539
0.01428029595239184
0.014233963527660614
0.014175377320776918
0.014104571701481546
0.01412196271289008
0.014145387739534205
0.014094130345540327
0.014052344316463312
0.01408040314363227
0.014075754130174553
0.014023513434068205
0.013992315550657516
0.01398852072888502
0.013992962161933796
0.013948413169091
0.013911972654911092
0.013854981089123669
0.013856899553514653
0.013856363301223314
0.013792035503506555
0.013717328842122926
0.013718751005426648
0.013722066992256183
0.013644153628779361
0.013688554721018641
0.013693579727918398
0.013637513788784889
0.013659059992270472
0.013636830993349532
0.013570115986549659
0.013580066120630636
0.013587263413573423
0.013539241107856693
0.013527937708081422
0.013492787473771516
0.01352274651257322
0.013492454299107285
0.013417108509077529
0.013347523106794058
0.013295777590915386
0.013304597306630332
0.013257513704380022
0.01326275788644339
0.013239538345534093
0.013240466815785104
0.013191133332263225
0.013149559450617118
0.013124162880038303
0.013158907470139503
0.013159732569292605
0.013188907921129157
0.01316374272584684
0.013158498350669125
0.013104085266973042
0.013031202665399458
0.013057382724051929
0.013023138231248602
0.013006904627554706
0.012969508287642774
0.012932319529359337
0.012868459826219893
0.012870339505990168
0.012895290575650522
0.012814866459475468
0.012761910988230136
0.012722920882788839
0.012682081582426655
0.012639265418043564
0.012651257800720423
0.012649431638464728
0.012607503548198078
0.012625462406248747
0.012615473798566128
0.012557694941850396
0.012559358721391675
0.012534495849824473
0.012478083990809213
0.01247041936904562
0.012469723408075803
0.012469235451363374
0.012395575103444561
0.012398435352970494
0.012321169741403347
0.012290805739061631
0.012252811566819484
0.012203188118295811
0.012237572945739418
0.012171752096929096
0.012174603720482197
0.01216600132054422
0.01213929151975201
0.012125167186683413
0.012125740673594862
0.012071676926562226
0.012034894225579823
0.012021525941351812
0.011967157476578793
0.01192663742831947
0.011929546044741215
0.011917159162246681
0.011946988801546555
0.011892450850368047
0.011835633057307825
0.01180451741295835
0.011828875677132266
0.01181343971044172
0.01177675633025479
0.011779000945260628
0.011777994839599504
0.011799928965863668
0.011802182333371648
0.01174739777586187
0.01172162184868052
0.01168281267624349
0.01164526779113739
0.01164154917507636
0.011653033703698435
0.011626563030060977
0.011592681611752033
0.01158094712013275
0.011574877898436843
0.011569280194775402
0.01156136449718636
0.011582663935065542
0.011601219583237022
0.01159808465006429
0.011563960427652403
0.011514775333423368
0.011509506710014532
0.011505862513956966
0.011450588691308541
0.011398939110639257
0.011401816158851729
0.01137661598969446
0.011391905243713887
0.011394940828895259
0.011378769584961427
0.01137628816213292
0.011370835601932895
0.011353726590057121
0.011296929342506317
0.01124888452747835
0.011247721904186079
0.01123867370475474
0.011197866217723769
0.011190873670707185
0.011167328129363477
0.011170448343431288
0.011202864676110494
0.01120485905369211
0.011158569815335908
0.011164689690838107
0.011163122816750266
0.011138757639357573
0.01107533503640383
0.01107624906126768
0.011025124527309553
0.011005643565655513
0.010995580728639437
0.010964867962795085
0.010946399949310372
0.010942184499118357
0.010907727789311308
0.01085515503010378
0.010856014708260909
0.010794829904208778
0.010824444933916837
0.01078655906368686
0.010742409506320473
0.010723466654379732
0.010726611875670939
0.010707130771676432
0.010681592138922957
0.010652814673154922
0.010652581468412275
0.010585501250177915
0.010508089645402736
0.010479855564584785
0.010502216390691425
0.010454615058184348
0.010452307667268079
0.01045232330093047
0.010467443954292574
0.01044774771615659
0.010431242452092338
0.010379523236049694
0.010347986968104376
0.010335494251136688
0.01033408274906229
0.010329921998794105
0.01028845107294204
0.010251647202192007
0.010240816109279374
0.010204028985478444
0.010181574136232448
0.010153311873900823
0.010149426182676526
0.010102200406856146
0.010073782639584236
0.010096172957790405
0.010094882081339764
0.010108994783276653
0.010092913926801448
0.010090267344724022
0.010101451068312771
0.010056657940235495
0.010038180952147969
0.009971881014582155
0.009968407790474787
0.009941109091495788
0.009942763720374611
0.009932943468393908
0.009945261614430252
0.009923769090173928
0.009924900099874108
0.009887437014810036
0.009859887490887382
0.009842108094010647
0.009839571765951858
0.009836362034320537
0.009831618112932957
0.00982701256342691
0.009793855599206367
0.00975992074076047
0.00971827290739255
0.00971940042108977
0.009716657729529945
0.00971155927489395
0.009701374318831406
0.009699488568793695
0.009701825600499219
0.009699299454898327
0.009702219043051893
0.009670192908889066
0.009655298190414741
0.009653222496900236
0.009652828694416275
0.009665900454121641
0.009647883171923489
0.00963722856283282
0.009601814960279316
0.00958239625533806
0.009581771200536554
0.009608216681328642
0.009610317661607762
0.009609473479363572
0.009609674660639582
0.009611494255891853
0.009623460025209066
0.009624603650193082
0.009616747100657094
0.009636961485217862
0.009591277343992285
0.009587716508037058
0.009566036189604013
0.009564811008331323
0.009496696385718453
0.009471049695598477
0.009467597135112636
0.009426282897047562
0.009410130344273397
0.009378809633670045
0.009377473290290915
0.00935451359469591
0.009370813203588653
0.009368684544947279
0.009358988517065249
0.009322307673687519
0.00923804482773625
0.009239849298796851
0.009212750376340593
0.009186587037198938
0.00917276588133421
0.009171933064325373
0.009175391099134742
0.009175550974114032
0.00917566089905795
0.009145156505932374
0.009069829035565533
0.009055664510949893
0.009052269062890363
0.009019237859349386
0.0090202822544793
0.009013081575140502
0.00901007048780179
0.009024842393042498
0.009004912918668477
0.00900344252666607
0.009017734787266338
0.008985697608674662
0.008977332033085868
0.008994741146768834
0.008993512374408357
0.00898228820127791
0.00898945025115317
0.008938376616255655
0.008921901441088493
0.008914293351368186
0.008891252941064735
0.008861460577243303
0.008863354591687545
0.008863224228230474
0.008863095578237258
0.008849442282161632
0.008780495898970554
0.008781731006283456
0.008784245390855733
0.008732242447043974
0.008732087024610893
0.008741842882688818
0.008739703427590268
0.008739818077184531
0.008719650041715252
0.008718789647447772
0.008701682840279923
0.00869916998557811
0.008656835102622525
0.00865490504390852
0.008646263886609797
0.008620144373382384
0.008564203502446304
0.008536445412973707
0.008528377169861988
0.008503701456853986
0.008503925650575403
0.008503228458294777
0.008502151125041955
0.008497290551341189
0.008421181327706856
0.008403559847545788
0.008404890872928112
0.008407200370517707
0.008392166036386992
0.00839355126325097
0.008389910568132953
0.008335296993720312
0.008355251319643158
0.00835397830453116
0.00835258059423113
0.008362822254964665
0.008362390006867873
0.008362111389745996
0.008313984069855016
0.008318264037914328
0.00831932840129555
0.00831762430985886
0.008290643934970416
0.008262496210399843
0.008219815253178182
0.008193828865633829
0.008189595900814433
0.008165800527973766
0.008143626886627271
0.008148153837297358
0.008148732881417623
0.008148321373789496
0.008147540668075375
0.00811669903284996
0.008079406566670486
0.008077879091428904
0.008076682025406883
0.008062744614253992
0.008063790981425565
0.008064483863113536
0.008090941083189643
0.008089317227769927
0.008038786007501098
0.00803737837600125
0.008021157915539392
0.008007227194544888
0.007993969832346877
0.007975983143078564
0.00798552809125192
0.007966043580857748
0.007956752432197923
0.007956142613464692
0.007955086657556848
0.007910538553998243
0.007861364060810462
0.007858295460347855
0.007837172679544762
0.007837870405824676
0.007838458032608709
0.007837664795116567
0.007818640156199437
0.007790029689784727
0.007770126397452403
0.007791543072389457
0.007769342438200326
0.007756128851231646
0.0077684875528254965
0.007779958430218922
0.007749147540081069
0.0077576887711192965
0.007706877806990264
0.0076734245469758135
0.0076722092133081855
0.0076295987472388424
0.00760874147670408
0.007610337342196347
0.007558937190629424
0.007556847424952884
0.007557221111739521
0.007556747018880616
0.00755996075850912
0.0075605409128036505
0.007536538522667689
0.007536847138732656
0.0075025664166794345
0.007492654556863893
0.0074761051443441905
0.007469504681953262
0.007469600980928501
0.007435775585359773
0.0074163813687385055
0.00741690310734319
0.007418000880277745
0.007417517804700301
0.007400891709883982
0.007397033281633653
0.007374501495999154
0.007373376333773718
0.007324224865919469
0.007321590867521214
0.007302397223079323
0.0073014414074818144
0.007301839626447643
0.007302692036272363
0.0072899984488389935
0.0072669437501950455
0.0072374460352168405
0.007228705267474808
0.00718743055225705
0.007201391622094034
0.007201154295499102
0.007201719939474736
0.007179081271010731
0.007167220276872351
0.007145546951555353
0.007144702873768051
0.007107623633299527
0.007089342782581664
0.007089865366034594
0.007043945778438894
0.007043688487564033
0.007042593591542583
0.007005160096793746
0.0070050287602399855
0.006983386939976913
0.0069839808662238816
0.006963100726599927
0.006924971287492976
0.0068556868033281355
0.006844933869411147
0.006786788945419329
0.006719452078482057
0.0067374981760910824
0.006739567714169752
0.006738396905024532
0.0067249044332508305
0.006699344882225136
0.006629738245513554
0.006574294339588371
0.00655678978927048
0.006523055336584429
0.006541857442820167
0.006473996010717185
0.006438528989437552
0.006407096208648568
0.006420392304467664
0.0064110768031936495
0.00639103570517813
0.006388105980822258
0.006344390308797885
0.00632563090543887
0.0063385879976102
0.006275007935366233
0.00626115377931275
0.0062563857804801915
0.006249114820194736
0.006235139339824635
0.006199127101271822
0.0061818676751367145
0.0061616165979905884
0.006146343136406942
0.0061174321713693665
0.006102700126360677
0.006102872699364689
0.006047096232977623
0.006026921965955322
0.005943209801062782
0.005865415056239653
0.005845190483929035
0.005844181291660439
0.005807324633585326
0.005808921996472322
0.005802713955241303
0.005780232933490635
0.005719826505926613
0.005690833804412681
0.0056624121428631565
0.005665219811116902
0.0056383221556272
0.0056450894439979945
0.005645272730570576
0.00564472408085274
0.005645779581124389
0.0056453409726862965
0.005623316558295887
0.005589378489304323
0.005563316794499867
0.005553879340774028
0.005553020465766533
0.005546728171275217
0.005528840936334335
0.005511155031012061
0.005494687080592986
0.005494084037001003
0.005453317162299552
0.005429321520375417
0.0054239094646933595
0.005418386167657905
0.005397599316496568
0.0053855017741374234
0.005348285513324549
0.005325399764862206
0.005244227943350959
0.005260355802698342
0.005210619742471732
0.005187797115322418
0.005162116196501661
0.005127979570220235
0.005102831547239001
0.005121219081787428
0.005069781525487529
0.005034899645702836
0.005013920666032945
0.004996383435363944
0.00499521584452552
0.004987551121706544
0.00496803456750568
0.0049182626093948415
0.004826060835635265
0.004809856414585588
0.004754727977109029
0.004758006277022785
0.004743461861432368
0.004719527799269312
0.004685663062645925
0.004685616462601251
0.004685953318379786
0.004681533428629399
0.00468175077756014
0.004682008036031941
0.004680258627472655
0.004647647641584871
0.004655955739059663
0.004656248775464311
0.00465291659665837
0.004649566323073294
0.004630906116413997
0.004602559664231401
0.004602361551812531
0.0045882482948788475
0.004543312888981149
0.004516964033676404
0.004510959454323283
0.004512299808522874
0.004499295575305462
0.004513569158637972
0.004496913268291294
0.004498277841299342
0.004497979862567452
0.004498163608113098
0.0044974471192067355
0.004466814781196041
0.004429979892207215
0.004426828507962252
0.004418987659329564
0.004410529031759114
0.004399482434838353
0.004392968691451295
0.0043821765585646275
0.004349213189518968
0.0043270396048110385
0.004323356767843058
0.004308126262843727
0.004287159209168253
0.00426735656653118
0.004241699026189726
0.00419431716677731
0.004196173427300883
0.004173726173006074
0.00417454092279953
0.004126008078029997
0.004127844680499863
0.004099544371620352
0.004098624124522505
0.004115529187206607
0.004105446085480226
0.004105019234521645
0.004090073433403267
0.004083320698367466
0.004075621675861398
0.004056729330098961
0.0040186429286765205
0.003994392091983461
0.003988024649386823
0.003982244976440554
0.003973036898659325
0.003961604184769527
0.0039361881639567615
0.003943535547217383
0.003952614143467256
0.00391314894006018
0.003902506217663417
0.003894408226795972
0.0038672430106892054
0.0038723200138366582
0.003857720273023605
0.0038388410877968873
0.0038233745616585127
0.003828784801972764
0.003834618146241609
0.0038290332170300176
0.003825535321432652
0.003814480101576617
0.0037975950483393264
0.0037978515911972328
0.003764640334155999
0.0037602827057371105
0.0037203217337088566
0.003728651973663968
0.0037225953066545403
0.0037187886935476206
0.0037000476033857573
0.003668923166184792
0.003665587901966811
0.0036600349396754446
0.0036586729271470128
0.0036541772823135534
0.0036527324111841693
0.003642370330340486
0.003625506074998488
0.003621780136046446
0.003616328256137129
0.0036066030873522976
0.003605780133261826
0.0035840068218316264
0.0035612944853514942
0.0035610004451261524
0.0035595743656095307
0.0035583328933273474
0.0035565505381456477
0.003542395133758936
0.003522278736689876
0.003507634930435174
0.003507487029719973
0.003507591091410652
0.0034928020047688144
0.0034700174611622804
0.003480885202614801
0.0034872634193445313
0.0034839732457596913
0.003476302385787946
0.0034807236010015894
0.0034808790741623656
0.003481021106137674
0.00346884985152127
0.003467823419533899
0.003462424073703808
0.003458629402156761
0.0034578278646396066
0.00344346566604473
0.0034199771573773354
0.00341948580173688
0.003421551004054674
0.003413827124099835
0.003424301871117523
0.0034257777426668027
0.0034294696291613893
0.0034176090394715908
0.0034061530219636643
0.003400175447763272
0.003395678297610096
0.0033970500129908016
0.003396159818933298
0.0033795081903766388
0.0033780929624267473
0.0033742291311392347
0.0033677047818404674
0.0033647472350792434
0.0033641295181938984
0.003358966524287455
0.003356997120151327
0.0033549714519547614
0.0033423560207647015
0.003333811023237643
0.0033258723967574456
0.0033313015046554754
0.003335214919001762
0.0033263686632802234
0.0033149189628875926
0.003304484996477417
0.0032930863882449095
0.0032950763583378404
0.0032786893855931364
0.0032681488419972486
0.0032637900376272172
0.003261382955565249
0.00326157653622385
0.0032582541075235377
0.003256096023151204
0.003244554250042667
0.0032497573674210665
0.0032478228818792415
0.003245907218338689
0.0032435921644276347
0.0032440405434236252
0.003245653348657969
0.0032459102299472204
0.003245737308632595
0.00324346916966603
0.003242589677904722
0.003247609546873846
0.00323673347714394
0.0032365791394180976
0.003236600494132731
0.003233701178665987
0.0032338520770417403
0.0032293074510734094
0.003232097459036745
0.003234667406982367
0.003227573549356656
0.0032167398870620485
0.003209956913388829
0.0032096681316475867
0.0032071554659072773
0.003200038889733988
0.0031985045512259815
0.0031976328030329693
0.003189217569580151
0.0031828418673409543
0.003183447609532232
0.0031780395778061095
0.003176719823148992
0.0031760914826828223
0.0031750992920978596
0.003167390396784963
0.0031679928886288095
0.0031671953765040873
0.0031680935128340425
0.0031682493239578555
0.003168568002783652
0.003168843553207145
0.0031716630894235167
0.00317384748058478
0.0031718788535227355
0.003174586214835751
0.003170811911644381
0.003164599632969741
0.0031585337663443793
0.003157192794799937
0.0031514047326975086
0.003147618214595978
0.0031438572908841695
0.0031436354806062437
0.003143190619217356
0.003143650483339618
0.003143126109523556
0.0031435864254597545
0.003143588044375889
0.0031435068978534534
0.0031434960008547607
0.0031436727660417887
0.00314338269545785
0.0031405150801887384
0.0031418013113260193
0.003142554470477168
0.0031441751552555657
0.0031411117523458295
0.0031393859833902626
0.0031387849195775104
0.0031364140038492336
0.0031343587726832722
0.003134339482330585
0.003134392725741914
0.0031313481796804953
0.0031316499162630743
0.003131561052912641
0.0031316582642936302
0.003131699898890475
0.0031317610773740237
0.0031305648989593668
0.0031307555876676847
0.003131915220120073
0.0031325811576989326
0.00313156008718297
0.003130268082163174
0.0031296779186735448
0.003129485591074622
0.0031295372533925304
0.003129581879535371
0.0031297147955837296
0.0031285330237873594
0.003128537236754283
0.0031285884218531313
0.00312809957579776
0.0031286640628886394
0.0031288702293736123
0.003128444593148974
0.003128332485816801
0.0031283009430874364
0.003127949594357606
0.0031279779446749157
0.0031279979105531984
0.0031280186646941285
0.0031281878335763314
0.0031281885077090025
0.003128074367530808
0.0031280773964951943
0.003128080813262666
