0.0013524663212086052
0.002217457786151099
0.0033378424971767257
0.004651932437398791
0.006147411757560041
0.008032442186243103
0.009112955628117255
0.011321467479774827
0.01269399461574621
0.014268710072259456
0.015767321565278703
0.01721277907815526
0.018567848912531392
0.019711187697027264
0.02106398260403627
0.02006525013485763
0.021293239825186855
0.020312541512779274
0.019511885012986018
0.018440041968624792
0.017218302258051356
0.015884821389960658
0.014413697240821099
0.013129301535570148
0.01078956419155216
0.009748539438534704
0.0077039845441944695
0.006072750133774813
0.004611613782838593
0.0033313256059283574
0.0022273120989695777
0.0014762045436971492
0.0022174577861522747
0.003072733236452946
0.004269031459716941
0.005702666984301294
0.007454380137963559
0.009738632559282692
0.011042629730763701
0.013689164133525158
0.015378158528655383
0.017433814237975066
0.01951181603069866
0.02142890515477363
0.023087741681849728
0.024625804743574134
0.026501236222850232
0.02531298121268667
0.026816430628786157
0.025452145554544985
0.024386502224045925
0.023106623939364763
0.0214657659065607
0.019559405787660522
0.017597232841330888
0.01598358468265516
0.013133820133861539
0.011833887819480037
0.00930192962890116
0.0073437106580562924
0.005703673620276065
0.004271262651771737
0.0030749034747636255
0.002401517915825111
0.003337842497177889
0.004269031459718309
0.005609013902446833
0.0072530789550937355
0.009315539550873383
0.012078801542279218
0.013683350611144245
0.016994293523839875
0.019198836008955597
0.02193037717741536
0.024736406421397242
0.027359812088304684
0.02964529324054036
0.03174667351365945
0.03424948073017121
0.03275234027950815
0.03470445619905351
0.03293706266158385
0.0315026168269249
0.029729901424339657
0.02745113840983171
0.024824736407692827
0.02215239838659843
0.019977229827938717
0.016347044067164355
0.01469056620086372
0.01156466043918972
0.009202272754814042
0.007269121724602693
0.005618882666461556
0.004273134098501828
0.003598154809674665
0.00465193243739792
0.005702666984301794
0.007253078955095399
0.009177925858463864
0.011585819171794695
0.014951506850206834
0.016925689564685674
0.021110073318602485
0.024020995338365905
0.027742313178872473
0.031556514979124005
0.03518955113211477
0.0384203995203265
0.04122820887387688
0.044627224405562764
0.04268832925445229
0.04530152185923803
0.0429905606490949
0.041144973935870764
0.0386118538519975
0.03539948227457576
0.031749107497204394
0.027995757547430528
0.025021322668218215
0.02033899194050019
0.01822804409876758
0.014342163935532589
0.011524662128825707
0.009214670719762957
0.007280974097208098
0.005715930561741099
0.004970982717870581
0.006147411757561248
0.007454380137967155
0.009315539550873516
0.01158581917179247
0.014532985383515886
0.01862509839682112
0.02102669073149897
0.026430396582195058
0.030520636489500257
0.03570376495060442
0.041226678317856855
0.046466567662429945
0.05101096347097278
0.05517657132855084
0.059592018958405255
0.0568161052019187
0.06063015890980969
0.057921963528897426
0.05522798001885539
0.05168111241239577
0.04693707393974265
0.04146656831415168
0.03606140811902941
0.03168489905723359
0.025486321990649596
0.02282909402556734
0.01800747023449293
0.014482157096863707
0.011712283667918932
0.009375781966138438
0.007455647949438654
0.006491022247050606
0.008032442170296425
0.009738632477255704
0.012078801465260846
0.014951506780762042
0.018625098324180057
0.02336489055697769
0.026601838398310575
0.03398739874051554
0.04057862593727855
0.04802902811011932
0.05616191926751837
0.06421846608462743
0.07157102973400795
0.07823063509945824
0.08314989276980794
0.0793302777088019
0.08495289913685058
0.08304658675365978
0.07872113458027585
0.07279672739753047
0.06526470828322918
0.056928467906184034
0.048852751301895744
0.041388037549800416
0.03266840915068628
0.028920003845282503
0.02320671786421506
0.018708283243555415
0.015143850933556167
0.0121879614598032
0.009778533866848495
0.008145201325979139
0.009112954820300752
0.011042627445998154
0.013683345482626683
0.016925680845185094
0.02102668036350515
0.026601827513296258
0.029972724313657256
0.03968253861359789
0.047832364365661
0.05764541534355577
0.06862082341113998
0.0799024432459055
0.0905900212193005
0.10019167894285799
0.10805903646565788
0.10138984373228505
0.11102316401723494
0.10796267740299817
0.10179535395045541
0.09289610801184257
0.0819026514621363
0.07012940223455184
0.058961882251682154
0.049301710441535966
0.03742426142218448
0.03335379835458974
0.02643230683970521
0.021291701555637647
0.017199428321384165
0.01383628516516307
0.01110657692456823
0.009895930106137622
0.01132191882614483
0.01368923113306998
0.016994351355583526
0.02111015598457138
0.026430131569194076
0.03398652171551243
0.03968150507447569
0.05171484017351957
0.06291069883552211
0.07702748317770193
0.09331722743126646
0.11054138886769481
0.12724325659595476
0.14267662076325624
0.15799566798722772
0.15306641937103097
0.1620964751924865
0.15542368285383737
0.14554906374896703
0.13144161574025903
0.11448591550036036
0.09656693596857555
0.07968356693016539
0.06583563866015432
0.05056109417588669
0.043272295523027984
0.0335843876290714
0.026760109397399683
0.021473393845588783
0.01721964733530367
0.013808628050232426
0.011750995076191166
0.012734667307093736
0.015469372968059485
0.01928024480246251
0.024170756010227758
0.030792276154178583
0.040876305981737755
0.048158513443341495
0.06321884170483388
0.07735741177844117
0.09692388060413
0.11996379798851864
0.14469786859285316
0.14861398671905815
0.15168115653531727
0.15403166860742654
0.10174127980493818
0.10357914302634658
0.15330852459893102
0.155283993142913
0.15643438864859294
0.15224597120436575
0.1259863108685824
0.10163390644896914
0.08316239132646404
0.06299945260797499
0.05308209172446845
0.03977647532880488
0.031114279535240194
0.02466285831566166
0.019585029056172737
0.015600406538165263
0.013573005278440829
0.011601005752474717
0.015307286337680746
0.02048952775037993
0.027331589337160636
0.03395854025185892
0.04315358931928578
0.05560420223179254
0.06479664929304879
0.07993264987465766
0.10425211715782415
0.12110856382732314
0.12123768405410826
0.08434159358579546
0.054900064317677445
0.048677799509017954
0.045520223440908426
0.04331244097694549
0.04909250153782836
0.054920275849739804
0.0850142885292881
0.13616065546774261
0.1483737458871678
0.12523693547788217
0.09830003671394663
0.07703324307704992
0.05623540437630036
0.04090019181102854
0.030929991941219426
0.02352004890906973
0.019433359596980556
0.017063618822258025
0.014182580078548907
0.013194434250513608
0.017504034909225114
0.023468123773618697
0.031069642163309513
0.03873142555815768
0.04992654381306092
0.06599903255254531
0.07973541511447955
0.10171554735651368
0.12265907122921667
0.107343536547852
0.046458156783951356
0.03976445032564253
0.035012042492622686
0.033403722320679535
0.03346559998630645
0.031252355458362
0.030208979796975722
0.03269722573622694
0.03893057006175591
0.0678569399605619
0.1424039849593921
0.14700865824478382
0.12224890675010143
0.09512890920116134
0.06883394289678232
0.04926038495823807
0.03653076049887282
0.027476160329587683
0.022252299074292447
0.0191368693004524
0.01603812543733779
0.015297705470303562
0.019991105359904584
0.027606656120753255
0.035693910556409476
0.04457374447990843
0.05851595737310962
0.07996493261456455
0.10242325886442974
0.1277024715499847
0.12217245688277391
0.04643841546426216
0.03655791547503009
0.033549432902442146
0.030484641909282018
0.028957417410579216
0.028992726619741557
0.027992989397081926
0.026993824584866273
0.02873672443715627
0.03100398298494504
0.03787679406205633
0.06577875845779933
0.143892761396523
0.14927455859520217
0.11868192423367446
0.08622847604599196
0.05887771956317714
0.04340333827728982
0.03269648978829848
0.026614859145374616
0.021835330689485833
0.01841955203402603
0.017474677548254703
0.02241578746575492
0.030029949378375803
0.03709623291515311
0.04626232060973573
0.061528839022746896
0.086867509054239
0.12108161063832544
0.14105940283993804
0.083346474868931
0.0397685957602065
0.03354908406197604
0.029443612103697274
0.025522572951384923
0.023417019377737595
0.023130897339930817
0.023919377682194293
0.024686837228224234
0.02730013733779099
0.030107878794338266
0.03466663682524016
0.04318008153569513
0.08707526793359241
0.14488432301483845
0.13028287822514742
0.09859712555222794
0.06835015139998214
0.05091894902890261
0.03802566360444267
0.029641466856163912
0.022579834558650477
0.01864379972818421
0.018085591050443817
0.022983577380229287
0.03059987656717994
0.037569463539590155
0.04640374000784704
0.062486137932745524
0.0913733112081007
0.13072135783964225
0.13972822330527043
0.05283333884866501
0.034998420503845516
0.030483782939049044
0.025522574967203015
0.02067758069755585
0.017910068303120225
0.017185028369922244
0.01803438611936861
0.01990568262619789
0.023430036183423115
0.02682690778465861
0.0315948348793582
0.0346448729796922
0.05435378095065399
0.1393575277668076
0.13950044221208946
0.10530738663047148
0.07240397266418108
0.05397860177000589
0.03977318127613241
0.03038086226251933
0.022748241796148455
0.018454860595491528
0.01862882035232343
0.023738149535515042
0.031731832868291024
0.039131763390171666
0.048623578295199414
0.06594884837862755
0.09740817391579168
0.14055738715484178
0.13478831702108873
0.04695241141605694
0.03339208397734381
0.02895664821312877
0.023417021421489163
0.01791006833481555
0.014221645965031024
0.012363263002894911
0.01293209866266644
0.01591285467416183
0.02038998225662641
0.02467691374002741
0.030140867444566018
0.033010942291829846
0.05069801370246762
0.13719559115793387
0.1507136573218418
0.11306855628133927
0.07656987475020262
0.0565790811638738
0.04143962463016351
0.03151760497726934
0.02352554874365467
0.019034311635894738
0.019092187451024673
0.02469114138164452
0.03346174185498657
0.041885124187957305
0.053125687394251456
0.07221218717507648
0.10486409163359141
0.14975468870251618
0.10086474179596856
0.04472554561719855
0.033474039792652906
0.028992401474440974
0.023130897499771163
0.017185030094117152
0.012363264876505907
0.008752121229543042
0.00894133118455378
0.013231566695316985
0.01861055904565691
0.023908953620173624
0.030368421115932836
0.03415622293361425
0.04672002190059491
0.10046829624746613
0.16043500722349993
0.12150048536734084
0.08067444671455883
0.058552627478073396
0.042961530433261744
0.03306374859409413
0.0249658891573792
0.020457602323441296
0.017754920048217698
0.023538700334614086
0.03314337003134301
0.04384768844357156
0.056266528518713804
0.07652141939489823
0.10931198181415155
0.14400653814794775
0.09191562257208387
0.04308865251674773
0.031235480756139095
0.027991104998261976
0.0239186507103726
0.018033832370613942
0.012930959992153667
0.008939852071430247
0.00820261973486585
0.01195217775972933
0.01717513287190596
0.022569089652438017
0.029819004442984312
0.03557280515832624
0.05107455845604681
0.10443804721195518
0.16317756666197847
0.12173073494682295
0.07759081510585317
0.054784274866374265
0.04003934394943073
0.031956640448836185
0.025929123837043173
0.021615448760822425
0.01648621281138379
0.022277694023051884
0.030816340852260676
0.04202051257019248
0.05429980207880978
0.0739285508720107
0.10378722978139611
0.12941730050152916
0.12073597117778276
0.047038161999241365
0.02956343607493292
0.02675378865089702
0.024638284643345484
0.01992151748350977
0.01587723464501783
0.013172597493035938
0.01184323664506609
0.013688864357641817
0.017807536330741978
0.022613854940834368
0.028904635119810316
0.03543587657097274
0.06983229258577708
0.15029858590398823
0.1601224101723163
0.11357133212915417
0.07375850084768606
0.0509087284714243
0.03686034619310411
0.029146763571124466
0.02471889234915624
0.02046760605964063
0.01820722470070793
0.023219044167831868
0.029272284272407453
0.03811652020868315
0.05099862132305742
0.0693291445499995
0.09460547124918672
0.1320268733411883
0.13654292362808204
0.06081131991360078
0.03376634435959296
0.030365563874156554
0.026341207879393584
0.022711492265236333
0.019787450312508854
0.017688864123085356
0.017451061691721524
0.019483067884462486
0.02300430290914725
0.02699028506337378
0.030804395096549288
0.03563240683346024
0.06596989099482273
0.14906038693488274
0.1428052269188471
0.10557015680845526
0.0722436842989094
0.0530336511579385
0.04017538196573885
0.030291619789367893
0.023003300073073274
0.020552073795083354
0.016973272001869766
0.021176447197346987
0.026611245753017026
0.03453244035400844
0.045837752647306385
0.06326507309700986
0.08596802245975342
0.11783193294810308
0.1363121314072406
0.08392386283979716
0.04024606898290702
0.031455225234491624
0.029298214703955116
0.026762429629406313
0.02457043526344992
0.02247205351490499
0.022152224355906906
0.02353132456913789
0.026162555384302896
0.029936498385163605
0.033178531948118935
0.038796104723824214
0.09346485379500737
0.147236528612582
0.12436398147773957
0.09096579080978484
0.06565916677002652
0.04917621550358242
0.03720811347272113
0.027543512697940486
0.021071485562418016
0.018456196486491914
0.015478242598326763
0.01928431262605428
0.023622148713427667
0.030427844816082215
0.040698731127914736
0.05568760979667675
0.07452797839307942
0.10045952918218809
0.13303873418624823
0.1256461662564283
0.05934962948089954
0.034763884625001525
0.0317213644457681
0.030025082905343718
0.028514894167061152
0.026816265020050585
0.025912288280836342
0.02682999685991805
0.029360946773338066
0.03240052759576694
0.03751792252732848
0.06626627036640469
0.14724990437617885
0.14166767720829862
0.10415813267027582
0.07784572052180747
0.05741419683282992
0.04364711604117237
0.03334870667654758
0.024816551866117
0.01879291285958576
0.01639831314662653
0.014213429486396641
0.01757177811339705
0.021366635183255402
0.027313462948329998
0.0361694194780632
0.04892551144598756
0.06436032001271898
0.08495367434296598
0.1130696419850929
0.1317522626854282
0.12521028928627972
0.06427662006317131
0.04278388750795509
0.03467294401256588
0.03310533905286779
0.03162215000449836
0.03053419597589183
0.03113811799613733
0.03420476122973742
0.044957950065889575
0.06917031654550601
0.1458273776922587
0.15099168309200814
0.1176662893616592
0.08609022777605868
0.06623279169009903
0.05016389760470932
0.03870326305533251
0.029901886827428004
0.022414593460538028
0.01709661221228793
0.015017987785026929
0.013165565691425853
0.016094540143868057
0.019825838746637615
0.025120717744947466
0.03235193407766165
0.043152819386967946
0.05574116446830136
0.07201716486497817
0.09350724575304818
0.11841255247603771
0.13990563179656046
0.1393085110441672
0.08391971513850482
0.060473189008117136
0.05715837560254748
0.045906871258372145
0.04221038862008549
0.04794123726539764
0.056225609736462616
0.08966559605290281
0.1531315399135107
0.16076181151694133
0.12962825566113645
0.09731329749177894
0.07306013325070222
0.05672105624260876
0.04403960740264166
0.034437331828792384
0.02692614062934696
0.020375459897883596
0.01593332202714815
0.014214432379648262
0.01172976716070062
0.014492494579300392
0.017700505858211167
0.02218638163051026
0.0283541217998528
0.0362738586459247
0.04562518034401196
0.057971748732509
0.07520589269147933
0.09339462676887374
0.11771983267773123
0.1461270829651921
0.15356557314326943
0.15535619551656096
0.15679305321226708
0.10274461506370733
0.10567814265272635
0.15227889164892675
0.16267757392026605
0.16205529379776076
0.15640308006424666
0.12791914170540686
0.09954784980147209
0.07649678778187208
0.0596784845672159
0.04773926608945295
0.03674615973050459
0.028976211376345148
0.023116475591798972
0.018144581843083755
0.014248380261610264
0.013174569627058317
0.01006392527944096
0.012531680517272072
0.015247661602808178
0.018999593407120215
0.024086339958415207
0.030201724518385327
0.037727655285819985
0.04685273597385231
0.05959119155205323
0.07205292840473067
0.08818936736577929
0.107893835593137
0.12643862928512611
0.14302794750720652
0.15458481929814483
0.16074550192653256
0.15764994891256512
0.15497975404288497
0.14825165566301585
0.13055282160698103
0.11253059238051505
0.0935876033127957
0.0756933703841616
0.059943448388536845
0.04801936751471605
0.03919649027992917
0.0305274303902503
0.0244784724627863
0.01955365648331136
0.015594098728743339
0.012312805570499942
0.011336723800057066
0.00864954756985095
0.010557052856834875
0.012801702744513659
0.015895054588064086
0.020043169319018107
0.025176222762364336
0.030814080103614184
0.03795996595447443
0.046856751459815826
0.05531056293973202
0.06595759261434542
0.07883929856406466
0.09170609608732401
0.10126831004517421
0.10932144201695042
0.11179761285766215
0.10935878782032496
0.10689094328646682
0.10299262741267451
0.09332323421162517
0.08123873097327186
0.06982334867872823
0.057545048557050595
0.04668342211510122
0.03819400733344103
0.03174607661438161
0.025301155949972506
0.020334188179888094
0.01648950177673911
0.013071088385226715
0.010355071987107733
0.009614315801318492
0.007019949014350949
0.00857189412393536
0.01058142174414916
0.012838942191214644
0.015745963323166686
0.01958278184565554
0.024734432806018097
0.030787515606565615
0.036835969329400184
0.04370716144817687
0.050610675497896204
0.05859025203855556
0.06524148379057314
0.07038199250148613
0.07373668616828787
0.0762242658812026
0.07707027384469185
0.07579419490356924
0.07360688427465004
0.0681686601371609
0.06125824625743408
0.050882863081208866
0.04216857528330732
0.03519629928784004
0.029611330990378312
0.02524264939500018
0.020721729788854112
0.017304411965516884
0.013601495585064127
0.01073378177061089
0.008352647898449328
0.0074380233574895946
0.0054959042322282586
0.007001197520067564
0.009396549207422075
0.011733937280484365
0.013998428557947466
0.017217793765482246
0.021640383901557505
0.025260426334410013
0.028662859993874457
0.03398846632528489
0.03968543920511841
0.04784055447068011
0.05301761865102798
0.05493307954216193
0.05766947232336648
0.06120030475066859
0.060827601146072593
0.05667086816090619
0.05395689250476885
0.04982402475331254
0.04722236539195284
0.04255451187893268
0.03565624643657907
0.030411770780887755
0.02659839532946364
0.02205334452932693
0.016887113902404546
0.013509598391152206
0.010726068350301087
0.008983646107295401
0.007460513547720261
0.006413033624776608
0.00394722994515831
0.0052514670433984854
0.006970909166989518
0.009067743196637593
0.010979330510507635
0.013479819963784142
0.016651564392365842
0.018571767606886162
0.02125460970242528
0.025223004719064177
0.029066911204580183
0.033790191463108375
0.0383997416847666
0.0398685531862323
0.04153890193759517
0.04339709969161477
0.04149653069038328
0.0395427634741559
0.03805505474977949
0.03509602000314436
0.03303640673671882
0.03135093868502347
0.026960295081458138
0.023318245453735616
0.020396441198061777
0.01647239521590035
0.012964097514918133
0.010303982951547374
0.008020431505559124
0.006520967077656138
0.005550898161921698
0.004650038687955855
0.0027873108748142413
0.003863690005402642
0.005329291311951222
0.0072062554208487395
0.008914867719907028
0.01098462581343441
0.013420870266279512
0.014672146456656942
0.016469048097944323
0.01937075636552243
0.0220371396673514
0.02563142317050273
0.029562798555301122
0.030863777215758764
0.03200619126612367
0.032952078891180105
0.030771879151886405
0.028950042964075415
0.02801296422277808
0.026034716992255697
0.02508849696047358
0.024505437720123313
0.02150504175468316
0.018763668630482132
0.016342754159357004
0.012988945176499195
0.010165364858204027
0.008048516283817583
0.006164501749609533
0.0049575260323718884
0.004166532405455413
0.003315944461498341
0.0018270179243233728
0.002718247226913763
0.004032773337389823
0.005588237729245991
0.006983244216640124
0.008669049342648054
0.01066195249108254
0.011604681067026426
0.012845192452446355
0.014900383797722022
0.016843135649023882
0.01968982749514113
0.022553216141004737
0.023295490540922528
0.02407470424134986
0.024883218333436943
0.023210216058599922
0.021586677222987027
0.020878043058214942
0.01962485291850937
0.019253563872028704
0.01896541311958513
0.016669591418055584
0.014634837363233918
0.012886600433943416
0.01030412214276346
0.007951782007759188
0.006241165811553312
0.004717270312813673
0.003683420181221154
0.0029618081066847897
0.002276107498034448
0.0014389239456326025
0.0024030412676150853
0.0036252702953712694
0.005012889348823563
0.00654520803035147
0.008214963890852887
0.010005757213943423
0.011877691057779444
0.013728710067099078
0.015535370874723557
0.017327464278077402
0.018964538341158816
0.020290244627933017
0.02129448580400898
0.021955937585943365
0.022246819447064345
0.022285114059834254
0.02198474760399434
0.021276426672251093
0.020299601025346403
0.018992508566627056
0.017363924993864913
0.015576969440140009
0.01372467155659917
0.011863801918090838
0.01002333199134755
0.008224774974345797
0.006543786988432192
0.00502393604332204
0.0036375128835826917
0.0024039919561179416
0.001460750657503347
