0.08517860775425626
0.08448421107346372
0.0840788392205206
0.08410999628814678
0.08343333915807741
0.08275669942245452
0.0822756703096762
0.08157128063169063
0.08062479317535086
0.08049317518788038
0.07991114709780667
0.07971749979977702
0.0800730665007545
0.07947392843588597
0.07955875233961947
0.07951731291347043
0.07963519936076768
0.07905484464124972
0.07883903225541541
0.07891044073190458
0.0789889506391004
0.0790473104111331
0.07896850936202897
0.0788238048478741
0.07881477097217501
0.0792440804112768
0.07916303913960332
0.0786818607906414
0.07818361260315781
0.07814180373532859
0.07795924106851804
0.07773960049828674
0.07743442797562015
0.07723061939295091
0.07733139639230795
0.07674164655886626
0.07649071116403225
0.07606715118233381
0.0759532865440301
0.07626528511799704
0.07619609983782252
0.07632361487717787
0.07603670027824923
0.07577413822059816
0.07522009629325024
0.07523987481049241
0.07518411750696448
0.07476138988432617
0.07456220449972395
0.07463134514224927
0.07416351445745278
0.07411397428998828
0.07363101687830413
0.07390996669081892
0.07382518505815289
0.07333427899039974
0.07325588804201802
0.07330892997314725
0.0732826720560239
0.07336665847487357
0.07356848175921399
0.07363170638981352
0.07368440040451328
0.07397878615242579
0.07377276564718692
0.07381375470288819
0.07400635225646825
0.07350370750020939
0.07308353160778751
0.07285287268561111
0.07245848522942269
0.07216647154036672
0.07185047967135988
0.07124737120432077
0.07101343568162222
0.07103935428024201
0.07133488717795666
0.07131729291274998
0.07139891531904406
0.07132421879019915
0.07094375604416098
0.07054580014195931
0.07054334259796113
0.07064063961463508
0.07034114030678507
0.06997694067097732
0.06987300520055142
0.06963105180859937
0.06910690063978092
0.06912180813704981
0.06891448350084936
0.06880116882220752
0.06907065164515298
0.06915996738595075
0.06925894962157195
0.06889983585577579
0.06909135423831655
0.06858290330347727
0.0686772614865324
0.06837079693513054
0.06803688359805439
0.06768312895225838
0.06761185877330494
0.06739524682240362
0.06701923809500876
0.06677753234409758
0.06654537283493528
0.06645703032211935
0.06642053753270455
0.06644229241097954
0.06652277629122673
0.06613635069439458
0.06611435494396033
0.06583488731982864
0.06561198322742641
0.06529023894447725
0.06529193256464362
0.06498236264490477
0.0646398564957114
0.06434085506061794
0.06442266714270846
0.0639235043959084
0.06390824960511172
0.06339550773179205
0.06344859000490861
0.06348928047432116
0.0631079832876032
0.06335299916701531
0.06317220395493661
0.06302274106117893
0.06302865310479576
0.06296171448628354
0.06303830361028094
0.06284329565917054
0.06256222019319277
0.062412196395489526
0.062479071149151334
0.062127768327773725
0.06182480283496286
0.06160700120250289
0.061791506879778586
0.06179831619101471
0.06170912321252739
0.06143101952047534
0.06163723109018448
0.061622911718641336
0.061730126130806626
0.06143630904536537
0.06124599875545558
0.061330190878613834
0.06136112950081238
0.061297119579018206
0.06093239149666325
0.06065708101751028
0.06045703103118752
0.060434803010475394
0.06046995127372365
0.06050223864941685
0.06014903470564408
0.0600766872716069
0.05979537215670461
0.05980577231870022
0.05982384448080307
0.05988732656956382
0.05985517358753607
0.05986760959999502
0.05991044848126281
0.05994166633927285
0.05991652053740958
0.060110274082964835
0.06004247732513485
0.06002132816507511
0.060135418120388855
0.059873074011642234
0.059719330177396585
0.05935163075955004
0.05901700179004016
0.058823759202553436
0.05853392052580381
0.058690252525886354
0.058495444801712884
0.058503060539011
0.05852493445422584
0.058361153898572424
0.058056609002300995
0.05765061064133324
0.057482966020917625
0.05735928904025325
0.057412133534007606
0.0572728081014653
0.05704368300042549
0.05684694177304966
0.05661548089906129
0.056180795092021354
0.055861636266533087
0.05566672420272258
0.0558511975640052
0.05588029994558781
0.05557744165866243
0.055188989916764346
0.054940455060774704
0.05456093994851885
0.0543262545032287
0.054393775062448094
0.05421326574028557
0.05398746034633591
0.053721820486491094
0.05378696881053272
0.05387698408952678
0.05368434700260725
0.05352197769588709
0.0536301133932761
0.053611530044005554
0.053410532774021455
0.053294277305378286
0.053279300303442134
0.05329280133849404
0.05312507551250064
0.052982681291569855
0.052762890625330336
0.05276996244920569
0.052767433125503936
0.052520366269635306
0.05223759668586358
0.052242619880541026
0.05225342463309057
0.05196032475292635
0.05212953736695478
0.05214812533426746
0.05193198457165585
0.05201603393689431
0.05192857509066898
0.051675921003181094
0.05171528565180836
0.05174240397509988
0.051561686173231626
0.051521319134585894
0.051388965988266644
0.05150246046330957
0.051388706750265536
0.05110485873939991
0.050842442216218184
0.05064313410331342
0.05067390863352167
0.05049179133421135
0.0505121708339725
0.05042661372339246
0.05042966424762685
0.05024020382680575
0.05008027680644399
0.04998636108620315
0.050118175830289304
0.050121374565586345
0.05023330053994354
0.05013449323882151
0.0501119743384193
0.04990137995619608
0.049625900151662766
0.04972580128905098
0.049598372109340025
0.049533925517688225
0.049393098310672554
0.04924992214003561
0.04900460894745506
0.049011120070149856
0.04910763439367436
0.04880425789986591
0.048600971989973596
0.04844969377582839
0.04829096628383216
0.04813134282971371
0.04817455389876833
0.04816703884795353
0.04800911141562262
0.04807845167714779
0.04804239164224454
0.04782362595977603
0.04782880260451591
0.04773679818238679
0.04752460682477963
0.047493131177782096
0.04749052805097049
0.0474889387424678
0.04720538425002398
0.04721542780158241
0.04692501189991633
0.046806380969071915
0.046659370338504196
0.04647370851687681
0.0466039738577982
0.04635103684408332
0.04635997491080204
0.046327673190875336
0.046227193564670546
0.046175730510222446
0.04617706412268461
0.04597342222831526
0.04583574672015966
0.04578211743519655
0.045572035964420346
0.04541612154302697
0.045426345270451515
0.04537737101843746
0.04549082700155457
0.045281512798159076
0.04506676718060347
0.044946401822600714
0.04503951458717112
0.044978059014239374
0.04483629974490725
0.04484492518600695
0.044842525321154125
0.044927046307476196
0.04493582451242637
0.04473021654328116
0.04463316640169755
0.044486746328229396
0.04434259641580985
0.044327749659649626
0.04436998355452936
0.04427045033904697
0.044140235940977816
0.04409408597266778
0.04407157036960291
0.04405070124185344
0.044022455595580004
0.044102884533837226
0.04417346241850043
0.044160702587501356
0.04402960893614147
0.04384418174584197
0.04382434994030002
0.04381075506807034
0.04360290407318565
0.04340848657717194
0.04341870418112131
0.04332508145105036
0.04338369609587628
0.04339541264055974
0.04333598543625044
0.04332598078744694
0.04330565835216341
0.04324258037854729
0.04302811079742908
0.04284382022578744
0.04284195256028155
0.04280626910077125
0.04264915943034118
0.042620294014133725
0.042528891042661034
0.042540886027243006
0.04266407755213237
0.04267113845965806
0.042496015557815424
0.04252033378781934
0.04251482835902876
0.04242425639054297
0.04218028010695281
0.04218345446192086
0.04199090799440673
0.0419154755031645
0.04187646101438929
0.04175827315341714
0.04169079920411291
0.041677270385430384
0.04154439769724656
0.041342530884181286
0.04134726025814499
0.041111907939507746
0.041225284769689084
0.04108294177115718
0.040916239122932026
0.04084609269212374
0.040856076844795544
0.04078274580129409
0.040687232323608526
0.0405786569385278
0.04057788478136158
0.04032068956271472
0.040023633030887344
0.03991464710433134
0.039999150239610155
0.039815705346153814
0.03980708501413994
0.03980718736150858
0.03986348573966862
0.03978944223434472
0.03972746048421615
0.039528823646814495
0.03940782510041388
0.039362522438928876
0.03935698462375893
0.039340796245053704
0.03918434859424913
0.0390428773418407
0.03900335537090091
0.03886488373143548
0.0387781191257844
0.03866961579411838
0.038656580376269394
0.038475261061526655
0.038365113017700125
0.0384501473082623
0.03844492774298668
0.0384988010090831
0.03843959878418069
0.038429141375966605
0.03847184415260336
0.038299741429782284
0.03823117933732202
0.03797650679043284
0.03796255067180811
0.037857664065934236
0.03786404017286588
0.03782459838477043
0.037872005258760694
0.03779147229156891
0.03779681374389017
0.037655250263584794
0.037551839476509426
0.03748319414127752
0.03747328904782204
0.03746067737064383
0.03744223432546594
0.03742612864812015
0.037298965565046326
0.03717107786803941
0.037011247352509755
0.037015540293306726
0.037005245977537196
0.036985709604711335
0.03694827276022295
0.03694078742936383
0.03694941337591825
0.0369393554019331
0.03695219471447272
0.03682920244830527
0.036773775812495774
0.03676545214694881
0.03676355837524647
0.03681244034644941
0.03674461757478866
0.036704718077352136
0.03657090794126943
0.036495983726816145
0.03649370530915766
0.036594115138617385
0.03660211162646297
0.03659892948287365
0.03659988176981554
0.03660681582306494
0.036654027157470265
0.03665838784643313
0.03662863342451008
0.03670558937590782
0.03653037815283224
0.036516531680076805
0.036435557706627465
0.03643057513226372
0.036169557786221364
0.03607095456618545
0.03605740815036173
0.03589900998381882
0.03583886851943771
0.03572092918785391
0.03571572985537086
0.03562670312060308
0.03568908491261668
0.035680676524746206
0.03564472822819659
0.03550403061759706
0.035181616952743015
0.03518960743335917
0.03508762876450773
0.034987331056502
0.034936203538743126
0.034932900877804283
0.03494670087192309
0.03494695269596468
0.03494714114958105
0.03483202261838156
0.03454363378460217
0.03449092673214783
0.03447799074661848
0.034351409627484356
0.03435537436476711
0.034328120556970626
0.03431629653600133
0.03437195836525329
0.034297311925298814
0.03429154187711702
0.03434442815831075
0.03422152883230151
0.034191325168536714
0.03425758403164829
0.03425270114958425
0.03421062231080523
0.03423757465790509
0.03404207843787328
0.033980701554273074
0.033951390158434895
0.033862963922553294
0.0337503057269708
0.03375750368374165
0.03375704460530699
0.033757843004695455
0.03370514799270813
0.033441179533265725
0.033445707602556454
0.03345530417955626
0.03325625669835293
0.03325561778636274
0.033293018544063475
0.03328467951626032
0.033284971171432316
0.033209366198277475
0.03320594064765873
0.03314146774790184
0.033131692650635106
0.03296954434427471
0.03296203674812828
0.03293019879604011
0.03283174392485553
0.03261744836532143
0.032511093197176905
0.0324805812491794
0.032385864188574094
0.03238670451466301
0.03238381483841429
0.03237966833112479
0.0323621773401905
0.032070912305300056
0.03200298907238005
0.03200804108961962
0.03201689299576353
0.031958950145151856
0.03196420923282516
0.0319503897058299
0.03174143280424499
0.03181754399350837
0.031812504309588874
0.031807082824754855
0.03184552001393184
0.03184373237893176
0.03184319731730986
0.03165904171953305
0.03167613531918806
0.031680163746418286
0.03167373356444163
0.03157178038555398
0.031465578239833425
0.031302104230218675
0.031201715054385664
0.03118647793585024
0.031096699769664587
0.031013126518906968
0.031031335484705633
0.03103346347660799
0.031031848127125505
0.031028739467307935
0.030910706190495903
0.030767993342582168
0.030761998580752098
0.030757331952742478
0.030705103147247555
0.030708927774889996
0.030711500972658196
0.030811920665920877
0.030805823374386518
0.030612359863925107
0.030608029913428883
0.03054681000526613
0.030494276831285257
0.030443277287123285
0.03037558742236808
0.030411809311595987
0.030338193285937672
0.03030330553827965
0.03030094454768231
0.030296771661865757
0.030126371354839882
0.029938195224743717
0.02992635707324474
0.029845350995062102
0.029848003581602674
0.029850222777648476
0.029847579435615116
0.029775987452367186
0.02966786983859351
0.029591599573592444
0.02967289051251305
0.029587879702497093
0.029536986208965214
0.029584134473072794
0.02962856647120854
0.02951066483892052
0.02954370057291492
0.029349302593035514
0.029221344041453188
0.02921740229960382
0.029054406999042853
0.028975630574012555
0.028981561428268455
0.028784907688487214
0.02877791336405753
0.028779307321470292
0.028777424289553082
0.028789254674592313
0.028791483263227717
0.028700838078660185
0.02870195509099162
0.028570926405546912
0.02853269558845206
0.02847044602278413
0.02844576217643044
0.028446437421947565
0.028317103740666004
0.028243812187325017
0.02824579331730924
0.02824999868610745
0.028248096591263885
0.028185699381776348
0.02817179337519595
0.028086894703486836
0.028082515800192
0.02789448333271973
0.027883373868204605
0.027811098196081466
0.027807407896550743
0.02780893274815485
0.027812169576938134
0.02776423987544509
0.027676023576838456
0.027563223621717727
0.02753059411450614
0.027372879654456825
0.027426064017720093
0.027425178857314096
0.02742733091620025
0.027340647546888246
0.027296148221149185
0.027214251208460855
0.027210985238689745
0.027069158673653428
0.02700036745596451
0.027002554324466205
0.026826902959199497
0.026825889121760593
0.02682161604810785
0.026678354996507347
0.026677800460861247
0.02659499557504695
0.026597196043825374
0.026518421505335003
0.02637266433783166
0.026107726808443553
0.02606771162232596
0.025845398723539588
0.02558792623674382
0.02565705715532912
0.02566541584324072
0.02566089554410518
0.02560916775255687
0.025511366706259322
0.02524528505237102
0.025033191144820815
0.024966993002019426
0.02483797168452331
0.02490943372666234
0.02464995916047306
0.02451441997515468
0.02439440170734623
0.024444791725181568
0.02440984770633107
0.024334040869270906
0.024323443817715746
0.024156128238297978
0.0240851769130825
0.02413433744572605
0.023891370335859294
0.023838289479970423
0.023820726144571334
0.02379336008724422
0.023740518929785286
0.023602872603264352
0.023537616241412776
0.023460877163400735
0.023403057825850417
0.023292546608488115
0.023236171447638166
0.02323682334004843
0.023023729137695306
0.02294744617635152
0.022627746154771932
0.022330561690904513
0.022253308842955524
0.022249438551537572
0.02210875272627057
0.022115112560075232
0.022091189207158784
0.022006059365647025
0.02177538037556749
0.021664317455447005
0.0215565593486702
0.021567378952810003
0.02146550485074212
0.02149154468917604
0.021492239509412665
0.021490137121147716
0.021494554830045
0.02149287936930447
0.021409449275155746
0.021279979923334837
0.021180412054109036
0.02114428079455571
0.02114099964303687
0.02111742201918212
0.02104904572348657
0.02098212736118434
0.020919788340270636
0.020917494194368134
0.020761686404672495
0.02067003994333339
0.020649862252376902
0.020629069690779437
0.020549667040922502
0.02050390377881234
0.02036175249835356
0.020275084183298663
0.01996517221043737
0.02002679435316719
0.019836888679814518
0.01974977723345379
0.019651470505777553
0.019521156208262672
0.019425209216177183
0.019495149374775558
0.019298606242377055
0.019166262414901502
0.019086637280986314
0.01902010452483452
0.019015637929410897
0.018986323026815643
0.01891236491734982
0.018722379491477537
0.01837063427145994
0.018309282852697038
0.018098830835993108
0.018111452683380404
0.018056420162713922
0.017965096946796065
0.017836587142788973
0.017836413828059745
0.017837704210563576
0.017820945700404257
0.017821776617871977
0.017822758015427962
0.017816051078015635
0.017692300479411394
0.01772413864602368
0.01772526010553314
0.017712827317851395
0.017700375568926
0.017629758151172025
0.017522214457997527
0.017521474224159356
0.017467984538354207
0.017296499941433223
0.017195788152073798
0.017172774587141965
0.017177760271681858
0.017128527523740993
0.01718284012494101
0.017119695609357635
0.017124774490179157
0.017123647530534376
0.017124353805153356
0.017121600499006625
0.01700472640019182
0.016864181157196234
0.01685234169325323
0.016822673014169794
0.016790760673223805
0.01674891052765112
0.01672429777291788
0.016683047925272705
0.016557363928996295
0.016472791726411543
0.01645870087448012
0.016400557575143398
0.016321152333478348
0.01624562546639934
0.016147784147467512
0.015967040946489704
0.01597425772709731
0.01588867128430351
0.015891993185576277
0.015706766567857744
0.015713914998290317
0.015605989399580017
0.01560247758877454
0.01566694009093322
0.015628764651387263
0.015627134138633314
0.01557043615314735
0.015544775236699275
0.015515365593986143
0.015443305527866406
0.015298020680388864
0.015205412675771406
0.01518139338042136
0.015159523600276493
0.015124631837520186
0.015081394591596397
0.014984924293783184
0.015013021146673312
0.015047531632440637
0.0148970075202498
0.01485662507903349
0.014825922981434984
0.01472237356075913
0.014741789643138712
0.014686129528902449
0.014614145664910367
0.014555400533192007
0.014576129579375409
0.014598336559100547
0.01457723000344965
0.014563984234608317
0.014522043559775284
0.014457635683037403
0.014458619091342365
0.014331964425749306
0.0143155452613638
0.014163079535094714
0.014194814757844764
0.01417168766531031
0.014157121833029371
0.014085573138074825
0.013966875794042552
0.013954273559001177
0.013933240670584598
0.013928023550645678
0.013911021606199352
0.013905623127796888
0.01386608551333292
0.013801742845032468
0.01378746979748837
0.013766692077986815
0.01372962429167677
0.013726478298061033
0.013643847716950448
0.013557235246305857
0.013556107412169694
0.013550807912783753
0.013546181671951877
0.013539498406962953
0.013485523966546188
0.0134088620002091
0.013353035635933427
0.0133524771267444
0.013352877006702736
0.013296500166809187
0.013209677065928441
0.013251104930672957
0.013275456397245916
0.013263016969787064
0.01323391719986079
0.013250834204927566
0.013251432997670733
0.013251982081592074
0.013205563107562185
0.013201620160833498
0.013181138996659087
0.013166762149308545
0.013163686491594136
0.013108880142251004
0.013019316951831955
0.01301743008509683
0.013025354469387136
0.012995856753553374
0.01303576761284874
0.013041470698989553
0.013055505980288868
0.013010308107912564
0.01296688384600224
0.012944206895840174
0.012927164099469474
0.012932435673353273
0.012929069941102992
0.012865577587770675
0.012860252094303056
0.01284561083430817
0.012820723694444723
0.012809535502703463
0.012807248820789607
0.012787573174162124
0.012780078943979097
0.012772438553816807
0.01272435627593512
0.012691770738270585
0.012661520302907075
0.012682230368841106
0.01269718282540824
0.012663449733837567
0.012619809196557889
0.01258003912823454
0.012536594103142742
0.012544228626023708
0.012481748076886047
0.012441540563986983
0.012424889362903934
0.01241569876026846
0.012416482066293455
0.012403878724093369
0.012395705143286764
0.01235170234780389
0.012371537761575926
0.012364155651626444
0.012356905152972424
0.012348135584663513
0.01234988143604005
0.012356022775279925
0.012357022773128336
0.01235640920747425
0.012347821601988586
0.012344516982999593
0.012363642844374979
0.01232220151059254
0.012321613600601137
0.01232169435259026
0.012310651939312725
0.012311232392880393
0.01229391720003989
0.012304578571503116
0.01231439518579778
0.012287352466441583
0.012246049544814714
0.012220179955408582
0.012219069684781028
0.012209470087775115
0.012182347937851185
0.012176536128160153
0.012173245144724157
0.012141180586969525
0.012116875318242116
0.012119211976981889
0.01209860168005028
0.012093562495815639
0.012091195842533556
0.012087445037663121
0.012058056678137695
0.012060369921406031
0.0120573291017695
0.012060755602822434
0.012061372170883593
0.012062609130504038
0.012063661163234728
0.012074421378974383
0.0120827583944561
0.012075259078156885
0.012085581521479514
0.01207118827282593
0.012047505895319048
0.0120243943453101
0.01201927120627187
0.011997208910763715
0.011982775026034167
0.011968441160468567
0.011967613219814452
0.011965936760458928
0.011967704002145274
0.011965702044136377
0.011967462684129319
0.011967481850246651
0.011967186224392334
0.011967145620888738
0.011967830396897479
0.011966726015182585
0.01195579710710581
0.011960709756640816
0.011963582361111395
0.011969765225128482
0.011958087046249352
0.011951506214656583
0.011949209787459603
0.01194017403780113
0.011932339962032912
0.011932274383565448
0.011932484763655452
0.01192087994201616
0.011922036204889328
0.011921696690015578
0.011922069302232838
0.011922233474588617
0.011922472106233224
0.01191791281238415
0.011918640313899054
0.011923065291684846
0.011925605410168105
0.011921713282169052
0.011916787773089122
0.011914537307236099
0.011913802385029334
0.01191400184818189
0.011914174559081276
0.011914683191286211
0.011910178495915899
0.011910194876030835
0.011910391814976851
0.011908528500413183
0.011910681695749886
0.011911468067511486
0.011909845442064533
0.011909417925072028
0.011909297365167763
0.011907958056905046
0.011908066538810493
0.011908143230872862
0.011908222927414091
0.01190886813503128
0.011908870718267569
0.011908435590746709
0.011908447143902778
0.011908460250006385
