0.0
0.010684953831753942
0.007305918545963741
0.007353061527466533
0.007946434884962578
0.007614717501131583
0.01136957750250434
0.0119223518283211
0.0092778632036236
0.006989781842896962
0.012180499322768101
0.005185049495296763
0.005800183014951472
0.00692612357610979
0.007144721791785561
0.005836355888635383
0.004302869055848742
0.011537224412482536
0.008794263048421333
0.003302518756492885
0.007284237911968783
0.003193776258966242
0.00514705217923389
0.007934187706851526
0.005787143778606144
0.00608943563481386
0.004082825738336878
0.00874702699025892
0.011750585466370653
0.003912413915322552
0.011844802328253438
0.008110090693887316
0.005461391883548315
0.005407918450407494
0.006759433070647842
0.009602849012175235
0.006882823388140019
0.009010352253096574
0.007689185930319391
0.00849087269336704
0.005078742533229964
0.006775505634166271
0.008624932916425724
0.0051626627721960295
0.010766703473235927
0.0049305072814040335
0.008196982025922932
0.0074778552164493665
0.0062159791024235965
0.0037399393291318423
0.00948200903474326
0.010861254859304946
0.012086230977471763
0.008706241693231032
0.009459988460819859
0.01091298510849984
0.00700936222990069
0.005861575319224833
0.005327275796054644
0.005073017807766866
0.008060268915620991
0.004383790803650911
0.006804969197236238
0.008815351978960101
0.007834719224620484
0.008718924312288377
0.006147053251997987
0.011172975916598304
0.006629092475694312
0.009246173872457518
0.007130759980010648
0.010413863422749126
0.0056366650406439855
0.00916703370603698
0.005460801431714383
0.007561690776511526
0.00518609099793295
0.006167494801101165
0.006254144802762354
0.005001277350763562
0.008003727596318587
0.007932317487549868
0.006814107018827283
0.005260504085246705
0.009423127803078314
0.010732225071042198
0.003872861130857646
0.005931053826818624
0.009594859268248691
0.005579276527063577
0.004457139985705896
0.007175294694734434
0.00746665204332326
0.007988158434511351
0.0075505441925373265
0.007908366136808585
0.005352869952726123
0.008276394503281964
0.007395928169790409
0.010694911728836671
0.005634827306632242
0.009139246733041204
0.006528539991737048
0.004754823043946627
0.009778423126997664
0.007196847322711301
0.008204753265750606
0.00631717378987385
0.006355628539349292
0.007363307244311278
0.0041592272407555385
0.009345660515539474
0.0042181475351284105
0.006008120321911144
0.009895923667618156
0.009126824289690534
0.0037670634149098814
0.005878357040781814
0.007623466656931342
0.007803054405932702
0.0026511731842216116
0.007837515643133834
0.004135120342635905
0.007232341918850168
0.006067745272152426
0.0029677710180865294
0.007051545761056384
0.004323043198013005
0.006995890173838077
0.0066609098054895375
0.005125967534731873
0.004241303829542964
0.007209111821566838
0.005732111700113463
0.005350875712627155
0.008421097954809578
0.005541031807769285
0.009083292630284043
0.006127863548273095
0.0038467701128716957
0.004555005905217161
0.006060007101100655
0.00658665925036866
0.0047817342850302045
0.0059664434191112415
0.002685287016947611
0.006075321476871049
0.005489416322327129
0.004105087666806256
0.005570456813748666
0.0046446880853732815
0.00613760246687191
0.00849747126371933
0.006452896405062387
0.005093146536891962
0.0030891555222601116
0.006427311342359474
0.0029559600773323316
0.007490772105358097
0.006634891439571099
0.006412502839065242
0.00663671319499505
0.002551247823194207
0.0060256464278630704
0.006018381873980766
0.0016998778365665474
0.002924835108863043
0.002752875360342957
0.0035834682840703443
0.003551226734874344
0.005969305339605267
0.005606845067294011
0.004910196076177115
0.004731552227076301
0.009391986037291536
0.005776795510301272
0.005173038607439782
0.00443732375070304
0.00555909949301735
0.0038013180813711574
0.006676313995669311
0.006086195985093001
0.00536463054833868
0.0052838533397686375
0.006186695345645948
0.00815188125560916
0.003363185069500988
0.008097524980481661
0.004980277570021846
0.0035190080038708265
0.0093817401030627
0.00650271672078291
0.00460440739032637
0.007361880168149247
0.007768796000912875
0.004620978414470465
0.004732984601963074
0.006159034459448226
0.0061392478434040155
0.0074167606460494384
0.005955611669599643
0.006406892012190366
0.0049601706856472
0.004939747086076804
0.00879209438208375
0.004951379073247741
0.007298099982835438
0.005200783675332544
0.004768472037922711
0.004662395758881903
0.005555769138336214
0.004172371701979826
0.0020257778507545574
0.004058960926102179
0.005400836516469916
0.0021406329763537296
0.005630617095646711
0.0038309781446148835
0.0076729045787050885
0.004556457353000789
0.00201638589255263
0.0021610275378468853
0.005228779437376017
0.004484220263491386
0.0019860556504942978
0.005455965493549894
0.007271741236839747
0.003083987443055105
0.0020474935836733636
0.00535555863104072
0.004371276550396795
0.005133933372219611
0.004319858283251679
0.005179605495543213
0.002363986795207553
0.004027731300524769
0.005534344741406536
0.002924043762797714
0.0030616791945264985
0.0030323697217596187
0.0068824518576834125
0.006204041304904756
0.004105193124212138
0.006300859092777373
0.005484270738870484
0.002054553038788419
0.005580064681500159
0.002303837145650646
0.004029103267593659
0.0036216426119433276
0.0055840225730360545
0.003992744126238398
0.0023873121535203357
0.0034486068639318686
0.006217025045621612
0.005194017413358906
0.007928749120964813
0.004887016147640613
0.0036333674027636286
0.0050565185322023745
0.006306321209406146
0.0032617674825671616
0.0040183768262804336
0.005097210315089248
0.002155948995470329
0.003735766537515186
0.006324172252846763
0.003982653790623746
0.004973414326998998
0.007975640800868843
0.005516126321963351
0.004584771428684998
0.002641025957622554
0.0034238470526943444
0.0040391770642115125
0.005255908092203091
0.0036510151169201126
0.004459255013885894
0.004820718327634266
0.00485581168252284
0.005897977168366707
0.001605444874923472
0.0014765149445770333
0.006937861505385191
0.002521643527324451
0.005203690772623563
0.0075411186208702635
0.00445752988102808
0.00627395829978326
0.002603251698185266
0.004262137274623137
0.005073503748696835
0.003492827879009253
0.0025432574578700276
0.00444391931644287
0.0021633996519219555
0.004277231667791126
0.004568057684737203
0.0066810488427687265
0.006464349625201865
0.003682106462632144
0.0024725352199999706
0.0048619570916880826
0.002653437684862799
0.004313935769822865
0.0038169863497037517
0.004021768767432061
0.002793673177241288
0.005384422406554253
0.0046485017958346805
0.0012652871249667563
0.004456498915738459
0.003084375348922477
0.0013336273069955468
0.00633713132863983
0.002575789016039333
0.0028495088213550224
0.0031730932386619818
0.002768214955695404
0.0040487275977939
0.0027689433008332345
0.002767417501813875
0.003853494493458183
0.0027123879374861084
0.0033078761021125393
0.0039647674061457
0.003383749352250741
0.0029945429276422918
0.002420082757341582
0.003572350221286635
0.0036971500984813374
0.0017252147330492056
0.002270025257328323
0.006046887854523896
0.005500294619054937
0.0024747168785905363
0.004794498000306396
0.003003616597428124
0.0012204620145199122
0.00454994095267802
0.0017702871584769008
0.003085941005270716
0.004540909187599587
0.0043692633402936075
0.00329000929686166
0.004602844838014577
0.004014320690254287
0.004451105264943794
0.00550237117607318
0.0052521157328638286
0.0011236123735034547
0.002317949995673297
0.0020168135080503285
0.0031503559250979475
0.0034399416966200583
0.002761154465577713
0.004234995786825589
0.0059766303466341035
0.001897888067204897
0.005110772568910614
0.003999542480046495
0.0027089756712938874
0.003657618008850546
0.004295826573018033
0.005325402897241002
0.005280999686569057
0.004597767349951138
0.0034224826895460692
0.006035471245552451
0.002603688349641671
0.0040702883271576265
0.0031258557245237516
0.004023670518835316
0.004295201575437967
0.0021990396493003195
0.004653374503072032
0.0023413777092354277
0.001972145439116738
0.0034001112217542165
0.005234687077920247
0.004962328814034903
0.0023139911233924734
0.00573440439369821
0.0023954177141502445
0.0013038551608886798
0.003475822466739323
0.0023368208568874285
0.002258917477652683
0.004283055760468113
0.00236811173485681
0.0054689461431002
0.0015728760957122725
0.001835169754318754
0.0034336924686508234
0.0038035600744600493
0.0036942231739754616
0.0036267775477386854
0.0043586241651227525
0.0028186425835627733
0.003615749079665132
0.003785068114942571
0.005123153192373591
0.002484814403773787
0.001600312919422835
0.002505870995405182
0.0052431884914583456
0.001712924650410664
0.0023099808694742622
0.0037371608543458005
0.004752021203576477
0.004900794210743917
0.002997790441544465
0.002125527033347854
0.0014595019272016202
0.004876677345452906
0.002504060583176548
0.003983697897716114
0.002850170213392047
0.0025885697757612996
0.0037799871245049695
0.0034635174739656134
0.0014473246234136031
0.0016586779731489966
0.0015360880173576718
0.003313916728074807
0.003323590533491048
0.0031497668294021286
0.0034994083542705915
0.0011007972299640974
0.0023509739949447877
0.0019135265507008738
0.0034897527766810394
0.0017216884341641726
0.0015990664798532037
0.002008758996000894
0.0038564494825200643
0.002912229864005895
0.0034213916873581892
0.001947773645839916
0.0018839898596808788
0.0029209146875345377
0.0020448511933051326
0.001974626746478785
0.002855941526428829
0.003546149725279084
0.0015947356887840818
0.0020144641854975692
0.0010251735090315549
0.0015634126049614905
0.002129553052011757
0.000882829452564909
0.004372091662514854
0.0009873723528042104
0.0022771018043568213
0.0019948341754728914
0.003632438710783332
0.0014214893476968903
0.0037865696773919256
0.001595453045968749
0.004047572861639792
0.003233283865966766
0.0019506489660989267
0.004080848708499088
0.003299732029387554
0.0038563533891596002
0.001289097985500139
0.004247866180932124
0.002164144691857114
0.0014314013185471842
0.0030777821361915266
0.004106891601610703
0.0035630958345566725
0.00289304894588932
0.0031135696769507442
0.0020538950036786655
0.004527995396292556
0.0015151695369340708
0.002391541469774693
0.001807324478631978
0.0015753530910721867
0.002673794525891889
0.004101240370181859
0.0031024214300154856
0.0015694363323955098
0.003349166975263377
0.000834334834590034
0.0019322287109430378
0.0020550438806015846
0.002155694173598859
0.0030073645154675187
0.001272614605398076
0.0038852837812220074
0.003877029276634923
0.0034789949528606454
0.0020795754117131885
0.0010904287397141014
0.0019859645255533376
0.002107854309606284
0.0036058506931498607
0.004346678649186538
0.0019858089570459697
0.0017163893173324485
0.0021036822506986363
0.0007647793172989494
0.0014979087895019847
0.003770854685514283
0.0028098061981974357
0.003923919439478461
0.0014195204445402838
0.001248672883136497
0.0025115604200194475
0.0010145505801082257
0.002098567133568842
0.0015017183724983828
0.0012217348255987477
0.0039186661534137135
0.0013014341501265713
0.0020268546596398443
0.0011175305266174075
0.0031264820462088803
0.0012201853139037647
0.0028332610855848943
0.002783935991108273
0.003545492389824125
0.00264611195121479
0.0019292117048253868
0.003428987247214534
0.0009952709774702984
0.0014491274463664108
0.0011812904743026468
0.002656434426010146
0.003308459638780631
0.003050330130868723
0.0004967763089907184
0.001294081351221057
0.0018536686207301844
0.000603711247730663
0.0014084699098540659
0.0034388707460815075
0.0017085158994896458
0.0011597494142569812
0.0009896809690459851
0.0023560985822290922
0.0011502415969466139
0.0021996617398326646
0.0030485780564124686
0.0024416238286965775
0.0004902237498321065
0.0011901068095450643
0.002229892714220871
0.003127949318377661
0.002846555132679431
0.003780583466786325
0.0025374614148476085
0.002431425934817551
0.002489362971287967
0.0032628530688230822
0.0008723812130919451
0.000697188140588722
0.0008047307168845641
0.0029494751875938103
0.0023868717767206475
0.0014532857439927592
0.001152046076734861
0.002653763533787667
0.001249549045430327
0.0009435820198837431
0.0018438446217465276
0.0012485100096926306
0.0029592517542069955
0.00288050791242223
0.0017888095001451921
0.00178536848109877
0.002194581081270069
0.002558941474553393
0.0018162485275807047
0.0018307725753007203
0.0017775244910034778
0.0008846572156155297
0.0010323785371674347
0.002873704091586828
0.0022956607121715025
0.0013630297822738939
0.0027973653469377207
0.0008924700392669187
0.0006244288136418907
0.0021088492457771507
0.002525651481852159
0.0028936029472839526
0.001406051311995371
0.0018980883289353467
0.0019170235059412395
0.0024900205181073083
0.0017424723581095439
0.0025378808234816767
0.002599286478742035
0.00202949398257001
0.0025691658868952365
0.0025549867808599856
0.002224553716376363
0.0028371744274719372
0.0020831665778506406
0.0017557740862841717
0.0021587173323590583
0.0036216160998746834
0.0005352634499040739
0.0010551302014957967
0.0018382895057493332
0.000796126750237125
0.002345963378684742
0.0007840025065951717
0.0026241649774417365
0.0014872191729987901
0.0023641386711174633
0.0017067911064370942
0.0018317029927023968
0.0025692586902263223
0.0018279064252117345
0.0002880357691395481
0.0006983525379226251
0.0009613400134263011
0.0037284625976676217
0.002810231671128856
0.0031749338256904162
0.0009620311361649116
0.002596488887872382
0.003103962081726657
0.0025475540558673854
0.0007598461397530219
0.000795504193448442
0.0003808042159670952
0.0014186219718319724
0.002427193803994303
0.0024278901112580885
0.0020183138001065807
0.0022654854565011266
0.0014829317480322761
0.0007240667997821347
0.00024315201461479416
0.0015176811003163474
0.0021558514736277966
0.002115428624318294
0.0006703201060312323
0.001834022204043718
0.0035947626999138153
0.0016287114012126026
0.002496818347784339
0.0006508487328539241
0.0008320453004665387
0.002293668575823586
0.0008193576670460504
0.002157636324440023
0.0008073593487601634
0.003256524747255762
0.002452266415845514
0.002013303766583461
0.002966601650583495
0.00259824092022886
0.0019973313300251285
0.0018049522532626644
0.0018930597133028392
0.0008693645999533664
0.0016098817139618736
0.002418181332002018
0.0019523733842839513
0.0019176072588292972
0.0017542281076809113
0.0019309844109966026
0.0016391410703265213
0.002336895893450316
0.0021697186321062794
0.0023131657433959193
0.001532754970506089
0.0019273410816575435
0.001864214184168705
0.002435242478225773
0.0017939339942327857
0.0017364660787454584
0.0016291937502225411
0.0018500742213396737
0.0020036966698148747
0.002208651403421779
0.0014747782590993535
0.0015359010255099224
0.0020620998230170776
0.0017213448515491633
0.001711968164149321
0.0016969131770153704
0.001960242267532735
0.0013004199689722912
0.0005022518530979582
0.001845898552522698
0.002069486597805008
0.002033887702440344
0.0025600397493589
0.0018969623821592934
0.0006468737366941115
0.001852160955769933
0.001781038126659488
0.0012050499127159119
0.0016739141185621014
0.0016932158932938689
0.0016397443616821589
0.0019194456388808945
0.0015014301695546427
0.0026436744623114733
0.0015632901092827386
0.000513580881194272
0.00041345787244947746
0.0019054517016401016
0.0005026649284677736
0.001619757682019634
0.0017676474381335858
0.0018315167238066566
0.0014171501940720903
0.001469769947787247
0.0016916046425401636
0.0012237010101200057
0.0016347374272602086
0.0016149624317474288
0.0005803807009271409
0.0022189749194883824
0.001954903561848534
0.00215269942577573
0.0013405456573508162
0.0016552181453683434
0.0014450991108264203
0.001688624514150059
0.002435835318281291
0.002515555889954524
0.001478564847293
0.0014978656818126644
0.001658148568046232
0.0014789505396458754
0.0020409911120508337
0.001907089312037488
0.0012627545731576846
0.0021798352751362373
0.0024952817824042835
0.0012511781859850335
0.0012495839991160415
0.000563004690010689
0.0015500696947963225
0.0014734762785804636
0.0018490405279136223
0.002388895795931357
0.0015228383903453434
0.001807329553376336
0.0013463174538865751
0.0013953580175844597
0.00115752930750958
0.0024088085597576197
0.00017546442203995654
0.00039492078720806836
0.0012544086988345888
0.0004150260510212801
0.00024914049512741933
0.0005438976112548719
0.002149223416660845
0.0013435909748420165
0.0004777118079725656
0.0014425237474723265
0.0018697117146870433
0.0022371205791777826
0.0021927519143887042
0.0005011359120674275
0.0013698705790427174
0.0013077518506651104
0.0013116410367640283
0.0011340418726226622
0.0011614609274739687
0.00136157073093861
0.0012995262513545794
0.0013199721831268086
0.0013342380656654984
0.00037401883957221687
9.941199891331907e-05
0.0004950899080072905
0.001765116682257848
0.0015246970403247724
0.0011287353125078808
0.0011825606844329112
0.0014993605821847047
0.0014106611636142974
0.001382770210925487
0.0012567655236258694
0.0015297832775613015
0.0014682501255573208
0.0013368070242197928
0.0009833270562029945
0.0020705231391082565
0.0013522339292023281
0.0016035332743060016
0.0017590521247913594
0.0013714465307154932
0.0014817584230763542
0.0014630711690501836
0.001514664705516077
0.0011924411438724008
0.0013373434362454223
0.00030940486809769854
0.0011868075301107628
0.00118417973402323
0.00033136666491671607
0.0011536983248531649
0.0012606789420819633
0.0010449738643259923
0.000931701302727003
0.0011192235615745943
0.0011232139906744156
0.0014823103222791545
0.0010428633215418147
0.0011315646145628805
0.0017699025685231472
0.001804081149269977
0.001085511669609431
0.0009982338653717392
0.0014915297558041889
0.0009938434854042325
0.0009834013681493245
0.001263399876485508
0.0010191960640737157
0.0012314204396036796
0.0012174076335867668
0.0008904159239084627
0.0010112771585543603
0.0009850659237459472
0.0010083061084061639
0.0010038138230004554
0.00096820531648438
0.0008595499875032514
0.00018246052853564742
0.0011321705447342818
0.0012987337907068965
0.001331343496657565
0.0009668608855747219
0.0009999667420490935
0.0008602345065981396
0.0009191452851905323
0.000927692160453505
0.0008675731203261279
0.0009120682707760881
0.0003030340659966795
0.0010581200816601566
0.0010280048624855102
0.0009180433045047106
0.0009552013657366133
0.0009814709266284332
0.001064006132269753
0.0010468460238086392
0.0002412154715240434
0.0015945073530375686
0.0007909070114663782
0.000225084311427437
0.001034242368454944
0.001056638973723694
0.00082108396651999
0.0007372188730733871
0.0010338639752377002
0.0009735989954496817
0.00010455041028220406
0.00019942591237509034
0.0009450073785328421
0.0010400592626121639
0.0009810900653626016
0.0008497274838602802
0.000682426501788266
0.0007719863839747708
0.0008077844056223526
0.00016241142171579057
4.829081788657761e-05
0.000688155767255989
0.0007228788724755666
0.0007274788200821874
0.0007139127386699061
0.00022265599622100094
0.000723847061765313
0.0007378267307284988
0.0001952491359152525
0.0007756997237961663
0.0006936551469628729
0.0007037269603921611
0.0007126180898197857
0.0007248864141013649
0.0008015919455582272
0.001311347606109338
0.0006573844564062357
0.0006545310343573222
0.0007327786336584701
0.0007352288729051964
0.0006500900961166254
0.0005797329948903403
0.0006097997697934766
0.0007335127875322522
0.0007956242743862163
0.0007689790618628912
0.0008116125532374742
0.0007813985078097229
0.0007303348048421264
0.000672536358398299
0.0007172645501525647
0.0006764627727410906
0.0006937679356328448
0.0006235364422419171
0.0005373008031070482
0.0006530055336098846
0.0006776772971752834
0.0007242419942622851
0.0005686891444004057
0.0005567618696850307
0.0005381543319837879
0.0005032900730118139
0.0005150306194837792
0.0005271592466972077
0.0005390979899871511
0.0005262861051155552
0.0005120859767738342
0.0005291807603731956
0.0004945136904733299
0.00046016151561171636
0.0004652347160449833
0.0005414620913461376
0.0004958542797503227
0.0005055059081636798
0.0004400311396462902
0.00053956134439678
0.0005204830935786297
0.0005386253065685857
0.0004858217522888374
6.313863238238145e-05
8.561489275131315e-05
0.0005747738457709562
4.90074391224974e-05
0.000513664978416435
0.0004263794317721951
0.0005148399662531499
0.00045858509918367566
0.0003961092075784017
0.00037472575777802275
7.847146354667876e-05
0.0003510977945338787
0.00046912806264563935
0.0003687267854934673
0.00035923040711310596
0.00045309355309650594
0.0004501924401659285
0.0003636735115591505
0.00032095536862051865
0.00033534230237580856
0.0003324828060117631
0.00033763098165283194
0.0004117723501567894
0.0003583008183091354
0.0003208343609368081
0.0003261436088792617
0.000290341561458992
0.0002918316658985777
0.00037604468426004047
0.0003523443982764868
0.00043977130420660136
0.0003544703425491781
0.0003711740930373086
0.00024214925971246498
0.00026534901534829524
0.0002885170340013605
0.00023145135878217604
0.0002939493567395285
0.00029067109884747496
0.00030775775397355766
0.00022961218017770397
0.00023356647664738624
0.00024672721821520017
0.0002066902832211099
0.0002186393451677681
0.00019833303461400928
0.0002000454184719205
0.00019904769481351276
0.00017744220268570973
0.00022324664265058918
0.00019699677502325316
0.00030321613883100987
0.0002364134238505732
0.00027936163079393927
0.0001618477473316611
0.0001415780577893212
0.0001387686435590103
0.0001872303132544232
0.00018733683647943693
0.00013189955348944402
0.00013055888547179882
0.00016878631103515817
0.00014811897437601136
0.00011577462465324195
0.00012100278907480692
0.00010762269663726089
0.00010803312427141182
0.00012329359393202
0.00012944246251877427
0.0001822023983144991
0.0001555228431742336
0.00010818914783863913
8.554239844906823e-05
7.134055418824512e-05
7.109333670428802e-05
6.384668895351315e-05
6.420003837670062e-05
7.484137547241452e-05
9.238138504578566e-05
5.888116032943873e-05
5.3151271350534795e-05
6.658631277194799e-05
9.48295065867877e-05
7.312347513520913e-05
3.8338287406450606e-05
2.7581141947349907e-05
2.7679931774268067e-05
4.1967552802663325e-05
2.8928746500898706e-05
2.4287191351723847e-05
2.4344594915645612e-05
3.913707610023025e-05
6.622210052161335e-06
1.4670885372258654e-05
6.620577450321595e-06
6.6371525537211925e-06
