0.0
0.0
0.0
0.0
0.0
0.0
0.0
0.0
0.0
0.0
0.0
0.0
0.0
0.0
0.0
0.0
0.0
0.0
0.0
0.0
0.0
0.0
0.0
0.0
0.0
0.0
0.0
0.0
0.0
0.0
0.0
0.0
0.0
0.0
0.0
0.0
0.0
0.0
0.0
0.0
0.0
0.0
0.0
0.0
0.0
0.0
0.0
0.0
0.0
0.0
0.0
0.0
0.0
0.0
0.0
0.0
0.0
0.0
0.0
0.0
0.0
0.0
0.0
0.0
0.0
0.0
0.00024154681168276257
0.0004353998028665126
0.0005693491087455732
0.00063036683873292
0.0007416361025659921
0.0008662236531607567
0.0009884351633864853
0.0010499144316294014
0.001167792176956955
0.0013035129299144633
0.0014393354974987348
0.0015071655775426344
0.0016365484784863114
0.0017883661547804766
0.0019425545667139032
0.0020185507446069755
0.002162381070278487
0.0023332717641929043
0.0025086025467815115
0.0025934412337257936
0.0027502447172669956
0.0029385469332535207
0.003133047875943194
0.0032230601002932674
0.003380896684160598
0.0035726116818478736
0.0037717171215956194
0.0038548805145192148
0.003981013050899832
0.004138623708566461
0.004304933890908351
0.004357802506109926
0.004398907468085055
0.004463327748696178
0.004541191666120008
0.0045410229504276
0.004463592354006357
0.004399460941693608
0.004358194196563464
0.004303594826224385
0.0041334002394234695
0.0039707309962346985
0.0038391825327744687
0.0037514531059164745
0.0035416042770607557
0.0033372159196266905
0.0031665354503428336
0.0030691302576380374
0.0028592474211128873
0.0026527966712764067
0.002477699517481624
0.002383903748761106
0.002190160196959969
0.001997957630264874
0.0018324149133287018
0.0017457968251920178
0.001569754580024439
0.0013920605697222397
0.0012343109612889007
0.0011439821245601322
0.0009307871674174937
0.000634208860475582
0.00029003139282953756
0.0
0.0
0.0004350464639734402
0.0010617934947758992
0.0011757320074469223
0.0012521743853735703
0.00130383295106744
0.0018820158014582625
0.0020148349107112816
0.002094899108673988
0.0021325111029934975
0.002763223470899651
0.002926377799577416
0.003014953790821462
0.0030401542467632424
0.0037443810504428528
0.003943430343752155
0.004043354143497893
0.00405582910172572
0.004849974039733041
0.005089830109914876
0.005201257504937655
0.00519735040086683
0.006073330608000342
0.006354682453071971
0.006473355148520576
0.006442529985729193
0.007336752418483114
0.007648926974597894
0.007759288981294476
0.007678935727763079
0.008416896321223204
0.00872702596736069
0.008798232357085684
0.008636399067721118
0.008936915217476164
0.009191459354299271
0.00919189247391651
0.008937283690072855
0.008636178334455595
0.008797701449473958
0.008726043444191615
0.00841317310934703
0.0076516868734496845
0.007727214115072988
0.007611965637842348
0.007292948492491893
0.006338897511024632
0.006357846425604898
0.006229756637455366
0.0059397726499239335
0.004980240153606052
0.00496620779711879
0.004842319106158044
0.004594802170468826
0.0037024010429017886
0.0036662056581198625
0.0035515019065964727
0.003345712811600387
0.0025231972399761445
0.0024658995958758796
0.0023538967092607286
0.002167458738568245
0.0011478320684274973
0.0005379939813427748
0.0
0.0
0.0005677136617461668
0.0011741874044086786
0.0012432479322568128
0.0013194568551380106
0.0013893249951310062
0.002053549569150206
0.002126491192555815
0.002207391000324856
0.00228255342520383
0.0030074994719431706
0.0030879506900239138
0.0031775033439782065
0.0032608425012908278
0.004070370123272024
0.004160925989901715
0.00426206671538437
0.004355555508040384
0.005268846325695878
0.005371007913640011
0.005483898484600222
0.005587301623431215
0.006595548992963635
0.00670732701258089
0.006827865683817811
0.006934935547575689
0.007965931354288271
0.008077129159121113
0.00818972975355186
0.00828204442032745
0.009135242389856742
0.00922116470093953
0.009294228435346554
0.009339294780155966
0.009687904907269866
0.009714766991670724
0.009715333910014706
0.009688460102355924
0.009339643974635181
0.00929437205965062
0.009221038283989215
0.009132858437125906
0.008252690052432806
0.008156742267312424
0.00803924614860863
0.007921526860549621
0.006821526863086642
0.006706474159974218
0.006576362675454547
0.00645451922466285
0.005350096396199943
0.005236094710798253
0.0051105013462888265
0.004996712811504745
0.003970540557518318
0.0038643629327589093
0.003748229095058479
0.00364403133747803
0.002699534667917146
0.0026002588266428486
0.0024898179798396813
0.0023889994834340816
0.0015108457997709281
0.0007214661940195461
0.0
0.0
0.0006251538141765628
0.0012462017758659944
0.0013151211150055438
0.001400979590424261
0.0014760223916784132
0.0021717976743701284
0.0022472937035488048
0.0023399444729380863
0.002421804062194831
0.0031819303959438076
0.0032645793968402244
0.003367263055804489
0.0034587537482947683
0.004307958041920048
0.004400440934351234
0.004516583614908553
0.004619981379624327
0.005578963445371376
0.005682812216315302
0.005813004043425635
0.005928398151837861
0.006989329747257773
0.0071024975958209995
0.007242709753396956
0.007364010415239269
0.008453522949932754
0.008565277912774564
0.008698241129057161
0.008806213267264522
0.009714293440802262
0.00979809449160819
0.009885749337693329
0.009944638757936644
0.010319255097700169
0.010338502920023002
0.010339329844738294
0.010320539806764227
0.009947332882694287
0.009888169204406784
0.009800156191592599
0.009714254582403515
0.008778026134996767
0.008666104630690712
0.008527209312245246
0.008408551159666532
0.0072460661641585294
0.007116312539624827
0.00696474288908082
0.006840746340851073
0.005678447861206143
0.0055519423211561995
0.005407067036118311
0.005290606467016299
0.004213289099594207
0.004096806669099974
0.003963657554959479
0.0038564460594229352
0.002867724019908734
0.002760973087035977
0.00263875303878654
0.002544714743903414
0.001710262160676365
0.0008658767038910384
0.0
0.0
0.0007237909196619053
0.0012895933673193998
0.0013782683982587523
0.0014692256747268287
0.0016187769168042004
0.0022745918878088233
0.0023530822972156334
0.002451757748999386
0.0026310203708434974
0.003348200860450757
0.0034186635319134137
0.0035281196115222744
0.00374361257819598
0.0045452498838670155
0.00460924032985622
0.004733192898572049
0.004991988415896184
0.0058983903803479405
0.005955427348485672
0.006094659633443949
0.006401828004976473
0.0074073438412846256
0.007450682663224927
0.007601300384319199
0.007953982531170464
0.008992485861687879
0.00900188167722012
0.009145726758425838
0.0095182863707576
0.01039297601092254
0.010325184195141592
0.010421041347672482
0.010745555217508045
0.01111052840402532
0.010913062306985256
0.010914515227870578
0.011113959653000794
0.01075073226865505
0.010425006820794143
0.010328760750732654
0.010395004915635093
0.009495250949578758
0.00911588005945299
0.008965607544827163
0.008944992515527545
0.007836763690572469
0.0074711528577647525
0.007308291468408221
0.007245047194201122
0.006143200798941072
0.005822178883894895
0.00566720722277049
0.005584468869181233
0.0045663571277663635
0.0042943150587022765
0.004152279520327524
0.004056762882948398
0.003125026697987137
0.002896711616423335
0.002768125974741061
0.0026635761291763024
0.0019881974098125616
0.0009971677672685768
0.0
0.0
0.0008330399694815819
0.0017973691514940602
0.0019622151456639993
0.0020825420768030467
0.0021989848896229887
0.0031437017886645118
0.0033363681435516312
0.003466674737428881
0.0035785153055053454
0.004618740981714352
0.004847161528323911
0.004992395379312266
0.005102763038167246
0.006272547792172394
0.006545061968775469
0.006710767464821001
0.006822268117532151
0.008161849562428323
0.00848782593163942
0.008676790970839133
0.008788075463534545
0.010316767591172867
0.010702825198613349
0.010913889953724427
0.011012234417131672
0.012683594352228307
0.013123808104594757
0.01333731734390971
0.013379865358125331
0.014924541264558066
0.015369809403624379
0.015522479122481392
0.015414136723836486
0.016120662837554454
0.016447082453186664
0.016449241951123267
0.01612511001288527
0.015444918115875601
0.015558730993747367
0.015409931241655113
0.014959449444787675
0.013384813680865911
0.013337554742898463
0.013116907907907966
0.012659588776956695
0.010871296239416307
0.010753375171025594
0.010525807504777546
0.010118398231363459
0.008438178820917703
0.008299115413209622
0.008089088418702347
0.007743297806114677
0.006240071388164272
0.00609501139522026
0.005906306432625702
0.005615364625869454
0.004272814719280559
0.00412443427843851
0.003953763767315324
0.0037075478305320098
0.002279340384364106
0.001134808172499252
0.0
0.0
0.0009389636562511976
0.0019153426950679615
0.00202398934359632
0.002146384665692476
0.002257970830415456
0.0033234135119266047
0.0034399287819004074
0.0035727996735552717
0.0036947017678255565
0.0048682565185555774
0.004997576755272922
0.005145720071162119
0.005282123286837195
0.006602483216177145
0.006749133785901821
0.006918257790794012
0.0070736758691898015
0.008586928497324937
0.008755307052869789
0.00894863530438401
0.009126182537745478
0.010856638118828048
0.01104837507579201
0.011265415921639784
0.011461687735338101
0.013362106608482426
0.01356803402281683
0.01378992106937874
0.013979572317555854
0.01575105842214664
0.015928330925750588
0.016089350059712584
0.016196065097482577
0.017015872200424404
0.017074517856223426
0.017077063236379593
0.017020903411018456
0.0162337064419869
0.016131554157648144
0.015974756044720147
0.01579513454125787
0.013990387569738274
0.013795622569560595
0.01356630906937474
0.013348031003075458
0.011313878047690682
0.011102576156526957
0.010868516410638535
0.010658629410422516
0.008755932043573634
0.008559849699978016
0.008345096694571405
0.008157407175331645
0.0064592146195847355
0.00628353688664538
0.006091189141027557
0.005924325027929172
0.00440994065614994
0.004252379819913676
0.004079388585628663
0.0039262231720380205
0.002557451714612608
0.001257455695615278
0.0
0.0
0.0009875381796185824
0.0019788686011887767
0.0020883285551597393
0.002220639184279808
0.0023373767584460637
0.003431414748443628
0.00355060043926172
0.0036943615390714907
0.0038226054319130654
0.005028081501388945
0.0051598283614749385
0.0053203023821989485
0.005464468508166755
0.006821475571593893
0.0069704743891188334
0.007154083366704597
0.007319108423129468
0.008876258038863407
0.0090471607565443
0.009258357404863523
0.009448075691104856
0.011234285019136417
0.011429286097093334
0.01166984189128362
0.011882414930439985
0.013858444457642147
0.01406895973977579
0.014322502779531726
0.014533985546734114
0.016406747865135077
0.016588202989733736
0.01678045774065428
0.01690954777134526
0.017799032799827846
0.017851027197597662
0.017856171193571937
0.01780951386896356
0.01695825143084057
0.016831706937638205
0.016644159396784527
0.016462041037619373
0.014556473296946485
0.014339043873494965
0.014076020932091706
0.013852497439762244
0.011735522272683986
0.011506868563654763
0.01124676324131715
0.01103270986344011
0.00906740099679175
0.008858192311914438
0.008623612678280533
0.00843234061566209
0.006684619537660976
0.006498825837393575
0.006290287558874878
0.006120031745244543
0.004564484004639554
0.0043990865196463615
0.004212477414449428
0.004062735697615372
0.002718407940633876
0.0013707898430759043
0.0
0.0
0.0010714086450228975
0.0019956920917131226
0.0021439572674546276
0.0022820132403357438
0.0024866003189715205
0.0035020366184404616
0.0036454353523598256
0.0037956379765889275
0.004034716379266731
0.00515401028524258
0.005298679229856526
0.0054664736908639445
0.005748926816369485
0.00700936390861394
0.0071597467341559294
0.007352020231303222
0.00768922552950682
0.009137371770014533
0.009297521746959032
0.009519223920643256
0.009923990085205258
0.01159036035039819
0.01175895219124234
0.012013152479680128
0.012497407467630686
0.014355656301455001
0.014512987887432697
0.014784969625083235
0.015339456968046462
0.017134062049254106
0.017200563439612154
0.017412010061816134
0.017909472946004687
0.018785525636470537
0.018591659070309532
0.018597265508275698
0.018802856523721052
0.01796886092314223
0.017476128108701763
0.0172710621768408
0.017209161101931533
0.015383848368534847
0.01481416588000461
0.014532169506471786
0.014356239002129359
0.012362785726275654
0.011850627116760363
0.011575637250127752
0.011375733605874261
0.0095411539184783
0.00910940604309678
0.008862996033677106
0.008666413333072236
0.007040711473477311
0.006678920169585717
0.00646045963615322
0.006269515561161874
0.004825072868925975
0.004520663124645491
0.004326150230361211
0.004136915924492408
0.002953254435659188
0.0014807495679793514
0.0
0.0
0.0011674198828212634
0.0024426699449434978
0.0026582908227947093
0.0028228185672030965
0.0029988303245705806
0.00427548612495762
0.0045208233962195634
0.0046995430972701716
0.00487901392181379
0.006290237419140047
0.0065764409443162895
0.006776637563105048
0.006965659710011851
0.008562419838669615
0.008900873935562237
0.009131658717125183
0.009337834874987126
0.011195320782514393
0.011601955136292587
0.011872371190344913
0.012103388972316494
0.014311897029139937
0.014808123972325947
0.015131687048895176
0.01539098755509572
0.018067977005755954
0.018682586617111353
0.019065763247517915
0.019325415514364765
0.022423687528803443
0.02314468707184272
0.023497580745254737
0.02353515582589624
0.025443277318425103
0.02597349695800999
0.025973863458781162
0.025453280512912183
0.023722318421592368
0.02372555765226341
0.023398302008664735
0.022666188422727374
0.01950326446137475
0.019238145105872278
0.018840253771282674
0.018187015491201084
0.01527189856609207
0.01497760773145696
0.01462475364768518
0.014090192967216907
0.011643554497742407
0.011372341510002774
0.01106934627355684
0.01063049935996064
0.008540387545856554
0.008289730016650957
0.008026502221366619
0.007659719790344909
0.005833659094590551
0.005597429010105692
0.005363541403984283
0.005049279091353666
0.0032056625907110133
0.0015990860989738623
0.0
0.0
0.001262829856771528
0.0025674998559723932
0.0027124779427821753
0.0028779462139845104
0.0030279962756681886
0.004456157362773716
0.0046123125679413185
0.004792366944456468
0.004956989789611621
0.006535956820047797
0.006709834032513742
0.006911524965502796
0.0070969000550641
0.008884111836702896
0.009082626678505823
0.009315139479848057
0.009529410420804485
0.01160977660010525
0.011842082308972008
0.012115047367049742
0.012369008278289495
0.014847528324473742
0.015125776074498004
0.015453973715887531
0.01576078232552496
0.01878193138886391
0.019120393583117054
0.019514101780006704
0.019878081501491188
0.023428998052640978
0.023805277019251874
0.024186681881630312
0.024470035825392276
0.026718646617554662
0.026870151290668078
0.026868345471330546
0.026722629102281358
0.024683720702811326
0.024435232882212367
0.02408453167000625
0.023709287248183664
0.020083825687040098
0.019707777475083257
0.019296827685995884
0.01893169226766023
0.015637420382072314
0.015301577640767052
0.014942688803624472
0.014634242648552015
0.011886909028166536
0.01160498477681451
0.01129883152745981
0.011038650298206013
0.008697233678940607
0.008454667702516506
0.008189425837968648
0.007963806579775629
0.005920352894530826
0.005707181881189212
0.005472425893477668
0.005268898460611156
0.0034497700886246584
0.0017046170918757293
0.0
0.0
0.0013039975955081507
0.0026216146985315217
0.00276733668855937
0.0029413651884660024
0.00309590513604334
0.004549130989864703
0.004707615265185772
0.004897191894837279
0.005067406373925627
0.006674405481205458
0.006850371943438908
0.007062822157952331
0.007255051557369905
0.009074346999940535
0.009274847188445864
0.009519989151885547
0.009742751318535161
0.011861808338809697
0.01209631573304686
0.01238518247973198
0.012650089932434836
0.015180406639712889
0.01546207671735005
0.015812889683925444
0.01613583633571999
0.019242814021133196
0.01958898457126612
0.020021181129191955
0.02041379227807116
0.024162789322347934
0.024566898420948127
0.025062418360069227
0.025413364238102882
0.027935743064721155
0.028072432235036242
0.02807413344327491
0.027928950960901203
0.0256304259810304
0.025339522293558413
0.024889710612715377
0.024484360112624604
0.02065918019304066
0.020254090455656702
0.019790539616271384
0.019413460641576355
0.016019353037648648
0.01566501100773923
0.015278487624256164
0.014965417698128824
0.01215820741893994
0.011864037405311579
0.011539771878496637
0.011276353122215541
0.008890620815042277
0.00863898481777015
0.00835929370221162
0.00813069869783627
0.00605095122917295
0.005830872308663249
0.0055843012119015
0.005383622616078373
0.0035848270985492166
0.0017991164590461391
0.0
0.0
0.0013698633064520352
0.0026113613721043547
0.0028130277051293616
0.0029928513789061226
0.0032446813287863394
0.0045833224926593585
0.004786846869699235
0.004982950507090264
0.005272601953861502
0.006753220315318576
0.006967366585502156
0.007187227267919398
0.007525640380281444
0.009201692201573996
0.009434431864648096
0.009688326484033321
0.010090899508823116
0.012043885667921547
0.012306842330252104
0.012606316363517065
0.013095522438120217
0.01543109621687323
0.015739482577302764
0.016104764032917853
0.016719085032314725
0.019603212450218687
0.019976590637800853
0.02043331855147325
0.02124311372535623
0.02479513342463551
0.025212941850156736
0.025769102993226583
0.026835940251499008
0.029519803980405632
0.0294209636307219
0.029435022405987537
0.029618661928025182
0.027190932569903264
0.026157226360643812
0.02564797292115592
0.025246634244827273
0.02158143189337524
0.020698618990192142
0.020205034537846306
0.01978677680877483
0.016627363796310406
0.015958711832209378
0.01555581018206118
0.015198452835924067
0.012605326396810515
0.012075303705925975
0.011738578516826715
0.011426782954758224
0.009227190921460552
0.00878904702533769
0.008499090615736685
0.008216100895139638
0.006300173270647489
0.005930844399654879
0.005676086277613197
0.005409171219452656
0.003769099519450903
0.0018877136909793532
0.0
0.0
0.001448240384985559
0.0029750527717564788
0.0032316207677428525
0.0034334077437171034
0.003662386654652488
0.005221011267456535
0.0055091571157520275
0.005729428715283447
0.005970166120614064
0.007697353153800359
0.008029613027158817
0.008276657732293321
0.008537124031495804
0.01049126038292135
0.010880206837731263
0.011165495247925575
0.011458319169477371
0.013739165345103914
0.014204580393555656
0.01454288289050281
0.014887814129452984
0.01764950041365403
0.01822559706009296
0.018651358223989317
0.019083127814280516
0.02265818519623279
0.023427642334948432
0.024032605763621682
0.024637205097787045
0.02983532379764861
0.030963426630461095
0.03184310453981433
0.032758786614633946
0.04246305622160852
0.04425656284735854
0.04461237858800802
0.04325406088086859
0.034799658497357194
0.033976212730229986
0.03296730321710183
0.031626507463111686
0.0253093525894402
0.024589463500353678
0.023916306147645037
0.02306157331121227
0.019004698640293003
0.018508289241021585
0.018039755204748913
0.01740681647202965
0.01431363678421969
0.013913772318141952
0.013527301842063163
0.013018323679455362
0.010437258195441789
0.010088490550916549
0.009761128823435283
0.00933529196347062
0.0071030723365145855
0.006787486843695904
0.00650063628543126
0.006133735183561359
0.003968836855871671
0.0019818107406340867
0.0
0.0
0.0015285518926167827
0.0031006185367102234
0.0032753961630377646
0.0034769769493184083
0.0036593868355818686
0.005394296226875545
0.005584129717252211
0.005804510809321152
0.006005330809116909
0.007928078358861132
0.008139786239708895
0.00838686201482575
0.008613014133298073
0.010788316300743454
0.011029942413930289
0.011315004818247829
0.01157707110363409
0.014115448894091255
0.014399534159520659
0.014737624948252615
0.015053104245677842
0.018127168530462673
0.018476814024575815
0.018903248412367624
0.019304475128110402
0.023288928512822014
0.023763735339219348
0.024377907071639452
0.024965496551077573
0.03085359440999341
0.03159028212430975
0.03251455052107992
0.033499226227775465
0.045032281768847646
0.04614881801366272
0.04669111972589681
0.046295339477249786
0.03589524736462055
0.034748488127968755
0.033657002161534104
0.03281759444677445
0.025663078067221057
0.024956619016559583
0.02427325572607821
0.023740250207234425
0.01920951274996807
0.018758575266127293
0.018289371667107056
0.01789576852197593
0.01445041642514329
0.014096734937497595
0.013709958380027053
0.013389518253050688
0.010515789641167773
0.01021773017061515
0.009890663509931062
0.009615643385778371
0.007130980593468059
0.0068718806066811805
0.006585969911430407
0.0063416412161483755
0.0041638831639216715
0.002064515167507713
0.0
0.0
0.0015597757781928008
0.0031424168975302184
0.0033179016614089643
0.0035263293619973487
0.0037124099393309683
0.005468332843340398
0.005660104560949259
0.005888373259300446
0.006093909641533174
0.008040116038598489
0.008253442737100134
0.008509205082784868
0.008741065549918449
0.010942021852228326
0.011184899523200157
0.011479472886472957
0.011748378938075678
0.01431502044911581
0.014599983331935492
0.014948663216865854
0.015272422165258578
0.018377962021195182
0.018728346005194484
0.019167533994455904
0.019578477961071983
0.023599707349676164
0.024078200160312646
0.024719173712377106
0.025327838270139326
0.03139887426636853
0.03227113568253372
0.033349525723974524
0.03423603494601706
0.046853603679477586
0.04843415598463457
0.04938653189729436
0.049310209608453004
0.03695345391532716
0.03547730571954967
0.03421183059147523
0.03334306889717515
0.026043941398768776
0.02531020102996192
0.024597266715650677
0.02406190974062637
0.019481332803284047
0.0190192552767618
0.018535097378277535
0.018139719833871956
0.014656994486343748
0.01429431763146815
0.013894079737467462
0.013571891860800394
0.010664546575613608
0.010359059614773184
0.010020610656299982
0.009743511488847294
0.007229452385988505
0.006964649432500315
0.006669603647415504
0.006427504169215747
0.004264859609688965
0.002133874769545366
0.0
0.0
0.0016027604980262049
0.003104352601922511
0.0033505511728191733
0.003564599538592056
0.0038533790041105523
0.0054634863727791435
0.0057198995700469026
0.005954609026035486
0.006283747909539466
0.00806846971534022
0.008343786403559829
0.00860674417167268
0.008986663241178637
0.011003634262577819
0.011307553950356066
0.011610292276655266
0.01205677369824211
0.014406791986848206
0.014756572642513479
0.015114331871190916
0.015651669946415758
0.018490287158914178
0.018917378106499946
0.019367620011364228
0.020036173302761022
0.023699476940905764
0.024288378784854944
0.024949192325894758
0.025890487739900797
0.03144537052717192
0.0326816300192123
0.03391027804879679
0.03503602013412173
0.0469833249059223
0.049699070505342884
0.05092768910642319
0.05058599098082468
0.03803750404886148
0.03577711271039714
0.034446014506860294
0.0332923814669538
0.026645069532252926
0.025537358018334153
0.024809572930855957
0.024136156667282985
0.01995649357803546
0.01921253116449551
0.018717093377108758
0.01822032123399353
0.015035424166865239
0.014447265697409256
0.014035490187225367
0.013623648963599369
0.010960168353334299
0.01046900775041509
0.010120560736519013
0.00975654978217296
0.007452294023166851
0.007035739243511271
0.00673269042207755
0.006400391531651318
0.004384552257898664
0.0021942622069249427
0.0
0.0
0.0016572722183055633
0.0033586053840598115
0.0036437349787870653
0.0038745007799951036
0.0041487677432184575
0.005937315170249466
0.006257966715395515
0.006512306842118944
0.006806159837419655
0.008789461534280165
0.009155575296527944
0.009439661224708884
0.009759914094799376
0.011984184533674523
0.012405792175434709
0.012730264356213217
0.013090678606914046
0.015646356327990336
0.01613943005180085
0.016517385150449905
0.016940331202280078
0.019952331585189657
0.020540311136278126
0.021001287755035493
0.021524813732419698
0.025200850311356073
0.025929687474174016
0.02655528186902096
0.027315385145079217
0.03236641596503928
0.03357139993920483
0.034643445355133855
0.0355791853899161
0.04382634913794302
0.045719847740367955
0.04651347054684928
0.046477764543549106
0.03777944657225608
0.035905635537327056
0.0348521242657186
0.033760557827400804
0.02800538254768205
0.02711096418186457
0.026428767370642363
0.025613265679874313
0.02138221998943972
0.020772627293868688
0.02025941506154017
0.019605442117815397
0.016196133532773715
0.01570508335794333
0.015270580696771842
0.014724743999472262
0.011804683152923174
0.011376277640095182
0.011001980143012931
0.010536802754587071
0.007988996139137278
0.007605943424766687
0.007279797679644443
0.006880441847055331
0.004516300184310159
0.002255935137570083
0.0
0.0
0.0017157753452179964
0.0034766015020568615
0.003673134233494427
0.0039025806571287786
0.004110884441622117
0.006095586312130069
0.0063127525550592525
0.006566098021880626
0.006796548150048883
0.00899710871238044
0.009238722461197108
0.00952142996172293
0.00977904789169004
0.012245549835016781
0.012518292820804728
0.012840592010136985
0.013134606535629015
0.015964982254995715
0.016279668311691833
0.016654209870231484
0.016998707284106167
0.02032772774490216
0.020701892877500093
0.02115507381940488
0.02157089067365569
0.02561514932325257
0.026085251153643917
0.026682811517563312
0.027236446527747586
0.03271320816781516
0.033398838355655096
0.03426022739073891
0.03502372185836262
0.04313592066221864
0.04393344099697126
0.04441330095246118
0.044163315682107164
0.03662131587101174
0.03576502357747141
0.0347996409141924
0.03406561444395447
0.027860193001940953
0.027237911263228037
0.026576607111447537
0.026042931186927177
0.021390960058339153
0.020917639100524913
0.020410314970037362
0.019985607663023368
0.016214343056353952
0.015823685541513643
0.015394225790898431
0.015035650168348406
0.011799241183581867
0.01146181808889919
0.011090280630669441
0.010778172683093832
0.0079516364602108
0.007657048304115165
0.007333442353717568
0.0070611839641290435
0.004645617586529314
0.002307171557505924
0.0
0.0
0.0017330852703639973
0.00350013466083424
0.0036973578339129175
0.003931809934242385
0.004142883047808644
0.006145287062151448
0.006364282056969954
0.006624164252106754
0.006858298161244585
0.009077532218198342
0.00932051991279987
0.009609844456886807
0.009871670635500223
0.012356543095411926
0.012630056694337043
0.012958607347653401
0.013257137208028418
0.016103834286871548
0.016418336305768177
0.016797520944008413
0.01714623359848624
0.020483825518524283
0.020855820403424666
0.02130883392766235
0.021726193269826853
0.02574985225944948
0.026210982299156936
0.02678815876891255
0.027327560780795197
0.032575811626789734
0.03317635745041635
0.03390462761618188
0.034620355976585505
0.04186117980464513
0.04245889701050547
0.042661397810949055
0.04232128372716495
0.03609741553470591
0.03542236928667446
0.034648512665971895
0.03396095582520921
0.027923953545006697
0.027318458123668416
0.02668626855440218
0.026161856077075413
0.021530181683952626
0.021055672553002638
0.02054900405142583
0.02012599228471467
0.016342716794011867
0.01594769870004272
0.01551189385356686
0.01515254742201401
0.011894159519993041
0.011551704848246185
0.011171653321835631
0.010857542803004095
0.00800681376738787
0.007708106951443901
0.007377751729470023
0.007106125205217216
0.00469703482700408
0.0023419058062367324
0.0
0.0
0.0017423834315969313
0.003430870229927787
0.003711260751567583
0.003951141148835744
0.004266285901077876
0.006098488584725393
0.006401725074912692
0.006668056534416322
0.007026309712564627
0.00905557770200444
0.00938242287766485
0.009678663285407448
0.010085779718609002
0.012355269158269374
0.012714732538919226
0.013050737132323114
0.013518048337455863
0.016113897484304838
0.01652177230066173
0.016908346975483785
0.017449663290422628
0.020483239112139975
0.020963835511084092
0.021424231450733203
0.022050000840205978
0.025680235868686403
0.026278950450447102
0.02686250030487105
0.02759364137995981
0.03219357296487626
0.03298639077980488
0.03366348828729594
0.03442071215512007
0.040575212268060226
0.04156416270328877
0.041702491543581965
0.04094676531327839
0.03581810564663399
0.03517000469045001
0.034454555784052016
0.033521301779091975
0.0281670092114366
0.02735950726655671
0.0267308719374242
0.026034220398021193
0.021852626436257173
0.021154636435353227
0.020642031947813347
0.02008128727334891
0.016641411675524655
0.016041867030020123
0.015596334845958069
0.015113770085924086
0.012139412121797172
0.011618352360801155
0.011228553041532504
0.01079561851082981
0.008187858733232915
0.007740600467689267
0.007402250497899938
0.0070186449074605825
0.004726452062890725
0.0023612409989711603
0.0
0.0
0.001759388989801955
0.003516360910128077
0.003813609052331086
0.004067553192016678
0.0043847189544187854
0.006380754046760722
0.006727565931095049
0.007011434618431666
0.007351410930564698
0.009537611472397406
0.00992748848474129
0.010240208917667163
0.010607983064408614
0.013020921281902435
0.013460510754177844
0.013810660279969862
0.014217838383484251
0.016921123963075952
0.017419312438959587
0.017813455015825753
0.01827379759741752
0.02131302055902255
0.02187355573821819
0.022319591879723568
0.02284673989457097
0.026219954518269174
0.026831146812136213
0.02732798973479075
0.02793575695810062
0.03140247561253898
0.03197570753720002
0.03242921850690799
0.03306335499316662
0.03548335905731515
0.035681353737013095
0.03571904241186096
0.035634869686627116
0.03362042835622303
0.03301275035623684
0.03256541879992831
0.031975163154614177
0.028206069606604416
0.027514596643487252
0.026977222780918096
0.026306082430202427
0.022510976206856614
0.021902805074737873
0.02140272512517403
0.020775692844216747
0.017307016702315468
0.016768994602394924
0.016314127196377894
0.015753168573756495
0.012610063188414249
0.01212007048422804
0.01170922235660025
0.011213428396547195
0.008373452141583929
0.00792488015324696
0.007565894049202733
0.007155597532263486
0.004755318910211553
0.002371393695537793
0.0
0.0
0.0017776681050448112
0.003607974456493385
0.0038184812427305656
0.00407287155443243
0.004305335832036424
0.00651727254831877
0.006759375073664111
0.007042488531391361
0.00729761058836517
0.009716626685653018
0.009982058809592905
0.010293314062593402
0.010574006799522587
0.013241449561131116
0.013535746017314634
0.01388343492936074
0.014196317219988949
0.01717998508766605
0.017509708587749685
0.017899963575775613
0.018250761273451127
0.021596289598699282
0.021965751610952548
0.0224029573971331
0.02279207078244258
0.026489151221575684
0.026893973431431215
0.02736728856563843
0.02777406931091746
0.031539643246658304
0.03193066904030388
0.032363424643598565
0.03267263599376187
0.03505083098691473
0.03520420840842879
0.035232896213588744
0.035116240590961745
0.03309193399606572
0.03281426277513574
0.03239845715378937
0.03199514519067821
0.027966768552862405
0.02752511991768221
0.027004678383570856
0.02655499352572472
0.022410086980321327
0.021972044387614336
0.021478990122016657
0.021058216468178584
0.01723740516175341
0.01683522789893831
0.016385434555598904
0.016003662197627135
0.012530143136887028
0.012163993443161917
0.01175554833772806
0.011409539091058072
0.008261634594828796
0.007932121444926764
0.007572207270969877
0.007279490404909559
0.004768525440687737
0.0023601435140179127
0.0
0.0
0.001749124321765786
0.0035880139834393913
0.003807069416131853
0.004074638466236563
0.0043138849820358715
0.006536904584042419
0.006784125084829188
0.0070754906113092405
0.007336456537995973
0.009761375006791608
0.01003124569921398
0.010350036443010175
0.010636864902565213
0.01330743711955672
0.013605805644375881
0.01396050577326365
0.014279719046261564
0.01726223212213804
0.01759542213633264
0.01799086262223779
0.018347465850809545
0.02168222462500812
0.022053425747719523
0.022490459728640156
0.022883078556417295
0.026549999844916836
0.026951978015970227
0.027410063884283468
0.027813193943503494
0.03150915034892588
0.03189060115189122
0.0322811316296526
0.032570956525907455
0.03473574255873926
0.034872265009855886
0.03488887919472064
0.03477681960409305
0.03290331206973258
0.03264530882669271
0.0322764620660202
0.031887283450880634
0.027970777931536878
0.027534898342117874
0.02703325787005929
0.026587076201687723
0.02248386490214763
0.022042173227557343
0.02154905148869062
0.021125569533959835
0.01731466205912265
0.016905744934017163
0.016448732857837982
0.016061736845618547
0.01258436045841149
0.012210265623792054
0.011790417392618182
0.01143727144620746
0.008272448890806687
0.007932543899396809
0.007551301479890231
0.007243693158329736
0.004689179592020694
0.002295615888527402
0.0
0.0
0.0015859596081230511
0.0034340571654449354
0.003776829845285221
0.004082642518331031
0.004421382275231868
0.0064421813384607455
0.006785622245208225
0.007111962426780404
0.007487374794938482
0.009686370831092453
0.010051012014764157
0.010406872333709082
0.010824689950560917
0.013243720796852666
0.013639857367927336
0.014034935095068621
0.01450302273746149
0.017201742380428237
0.01763952206910716
0.01807832330236035
0.018600208883584123
0.021611460763205376
0.02209685229015036
0.022579183356636626
0.023144747261447916
0.026442879989211895
0.026970464454384013
0.02747157964364281
0.02802891660136787
0.03132274110868682
0.031833316672899875
0.03224292795924394
0.03258972860102634
0.03446945912260622
0.034699757162753406
0.03471400284052333
0.03451397565720037
0.032884726956193294
0.032581561108238725
0.03219331559007775
0.031659001675899585
0.02816870813618999
0.02757589066387363
0.02703175566387312
0.02643687983073355
0.022746121920525088
0.02211900732773557
0.02157560595407091
0.021010611446615746
0.017567869560344063
0.01697991064980467
0.0164712761542219
0.015948328339089754
0.012797890148054797
0.012261707494788528
0.011791109915189762
0.011299475207405077
0.008421379615719286
0.007940503875693639
0.007502375928187283
0.007012267819927108
0.004380834281233408
0.002167337361394662
0.0
0.0
0.001376517478353447
0.0025405560976176594
0.0034548092131308212
0.004143120054771323
0.005007076048414733
0.005888089844371444
0.006745283906872332
0.007420594231102438
0.00831919029031347
0.00925082779650244
0.010164823956931166
0.010888878850807589
0.011863706344290369
0.01287673332366749
0.013873044146452318
0.014667345139528611
0.015740626843238847
0.016857749247302205
0.017954747726708332
0.018823050185719708
0.020000301457842297
0.021222589743178467
0.022415789911120317
0.023343928100452865
0.024596774293068634
0.025888819152763046
0.02712983806038963
0.028047245777240902
0.029250500162539148
0.030457570751932485
0.03155862689867803
0.032241694035003404
0.03296190497168807
0.03357560009881074
0.03400762062453589
0.034024592284362255
0.033648474366327924
0.03309951151260718
0.03243819492369738
0.03177328509998504
0.030613321639026563
0.02932738205928047
0.028031948356454357
0.027036992452191266
0.02565384207610789
0.024205506219127374
0.02279525464452422
0.021745393287194242
0.020372933947780936
0.01896674817359463
0.017609384706538417
0.0165910232419119
0.015295325271040787
0.013970440060142975
0.012690603419733208
0.011717388887468313
0.010489203437305144
0.009225893373926259
0.00798551410137549
0.006983268170710187
0.005660748804091619
0.003980600201635907
0.001994056426473301
0.0
0.0
0.0011789090160203729
0.0022729420898808523
0.003243856064183991
0.0041430491182351
0.005021091665547742
0.005908164764738035
0.006770832836656379
0.007635543027608532
0.008518589575869066
0.009435446615631386
0.010340854770073994
0.011259222421040185
0.012205169108397302
0.01319363969741733
0.014173958627421759
0.0151727262955652
0.016202088796143235
0.017279042820669034
0.01834484670051373
0.019427359533015293
0.020538236119285683
0.02169498363645595
0.02282881163571481
0.023966562762963942
0.025116795175190467
0.0262959887525011
0.02742208974242956
0.02851297577736298
0.02956849355186628
0.030599997735884232
0.031508728413222636
0.03227802912424969
0.032897045280261585
0.03338243666938216
0.03366126150803973
0.03368100049234514
0.03343436550254277
0.03297799097618679
0.03237147810576076
0.03159066973977323
0.030637714167499306
0.029537588937805986
0.028397829378322404
0.02720424022745558
0.02595033367211981
0.024627018435214705
0.023327055945864074
0.02203114445369634
0.02072499819000206
0.01938400554667437
0.018086108825106067
0.016808905438923334
0.0155374992049273
0.014239815171686676
0.012982698011323231
0.011741895237580116
0.010499880563940765
0.009218031880751855
0.007943246792798654
0.006628162956836214
0.005204025495837421
0.0035913691506865883
0.001832927702371613
0.0
0.0
0.001093295515009113
0.0021479370661836835
0.0031477040307841815
0.004100850248459417
0.00502998520572736
0.005945905795987661
0.00685673480052627
0.007768202538120458
0.008691536107330219
0.00962592604761407
0.010572287956631643
0.011531801620592984
0.01251319393134438
0.013513271184075883
0.014531405739360997
0.015567138638592208
0.016626578089027393
0.0177060187591443
0.018802545469965622
0.019913462531046228
0.021042753210761475
0.02218432729781974
0.023331356706025118
0.02447661026634885
0.025619768646597145
0.026749319449099807
0.027851843103073808
0.028911953049940445
0.02992020474324712
0.030856269626224696
0.031693978327615294
0.032403672773255066
0.032972761211715995
0.033384487467124475
0.033609866291520525
0.03362237222437953
0.03341291529993478
0.03300724395226389
0.032427129188271106
0.03168939244905913
0.030804527984159277
0.029800383341398232
0.02870531120142456
0.027539363790310026
0.026309604777550916
0.025038719091550594
0.023741840676024657
0.022430972309334454
0.021104072462458632
0.019771835912070226
0.018441398645246253
0.017119321341906784
0.015798492894692033
0.014480418959647879
0.01316641664426583
0.011857603154086599
0.010541614845623182
0.009210037835304857
0.007850874295662339
0.006445587987145519
0.0049622575178913855
0.0033819738160113582
0.0017150690965038657
0.0
0.0
0.0010548855566742397
0.0020915245936863175
0.0030999101972813588
0.004080886472626168
0.0050436398024978814
0.005994040152466937
0.006939832759221482
0.007887776139852413
0.008844652242921684
0.009810603344567749
0.010788538788027205
0.011781640470231532
0.012793308495988979
0.01382135042258225
0.014867599389053548
0.015934635058835887
0.017020493035206273
0.01812337370905978
0.01924246296587397
0.020377454150719624
0.021523545199841093
0.0226764919428686
0.023831460032569873
0.024983797433072805
0.02612208232750209
0.027238736913416974
0.02832177980986404
0.02935931859048658
0.03032974856863488
0.031219742835064214
0.03200862698885417
0.03267841490303929
0.03320147416852751
0.033565278000452475
0.03375399310905576
0.03375619260399186
0.03356479064126523
0.03319181679832308
0.03264894790765225
0.031949194431581805
0.031103243571574696
0.030139681134147285
0.02907739454706816
0.02793466903713915
0.02672245572588902
0.025461358466375515
0.02416445030745144
0.02284167582627607
0.021497781237591582
0.02014510327103136
0.01878753526427799
0.017426090701616385
0.016065665673517786
0.014705414008353335
0.01334430733459804
0.011977894856923545
0.01060571318419798
0.00921707664848362
0.007801114629730105
0.006343010838494092
0.004834263193449418
0.0032664035475698
0.0016477876450418894
0.0
0.0
0.0010385030232159516
0.0020678341371755866
0.0030821074594129597
0.004080388160538869
0.0050676525696570895
0.006045846251590216
0.007021223021834074
0.007999494910936232
0.008986894755309931
0.009982749233955422
0.010990604361460354
0.012013457608267806
0.013054668006987707
0.0141115758828526
0.015186687056425847
0.016282052581543315
0.017395596680511095
0.018524779458638188
0.01966931030857041
0.020828120835063614
0.02199564765830072
0.023166892811505045
0.024337233241797308
0.02550074295310809
0.026645160682413675
0.027762278428195404
0.028840382261598237
0.029866089332881738
0.0308189512412211
0.0316867222823115
0.03245083992523379
0.03309291013144858
0.03358895594087932
0.033930010024916094
0.034103418092975124
0.03410110766866408
0.03391418423357491
0.03355307833402285
0.033026643113982686
0.032347295577446714
0.031523339233346555
0.030578408884665755
0.029530004096179414
0.028395388001350334
0.027185281920405546
0.025919875131814814
0.024611537529445976
0.023270803877662297
0.02190365119826375
0.020522941181506323
0.01913235853137577
0.017733922920679674
0.016332888856604593
0.014929475254895975
0.013522067174606881
0.012107310525754516
0.010685655046137298
0.009248996567065777
0.007788931214504681
0.006296566506098857
0.004770327277051091
0.0032068195000677265
0.001612266911635465
0.0
0.0
0.001032860313074008
0.002061115819290574
0.0030813736664230536
0.004092845457416168
0.005098990883742021
0.006099811552028633
0.0071001145167849415
0.008104710207164205
0.009119278261547488
0.010142611675143449
0.011178254507922869
0.01222914942047238
0.013298713839374811
0.01438421955245795
0.015488041348925442
0.016611912676780628
0.017754078890971366
0.01891163786827381
0.020084096452578592
0.021269995677014666
0.022463463012038984
0.023659178872167036
0.02485194506273227
0.02603504065209291
0.027195939264547865
0.028325970372447534
0.02941280131692149
0.03044203148979536
0.031394622498539006
0.032258722559291846
0.03301572961344664
0.03364687380476544
0.03413210772755092
0.034465197831330494
0.03463333002472307
0.034628965808002725
0.03444170055057332
0.03408217141991143
0.03355881463100545
0.03288436110397404
0.0320656022046395
0.03112183172381319
0.030070340096313708
0.028927745639380227
0.027705173162129875
0.026422189592162585
0.025091449388999622
0.02372368832851044
0.022326067595502902
0.020911098244226687
0.019483351048140245
0.01804570952004919
0.016603159470440096
0.015156615210408456
0.01370512549409568
0.012246335171615443
0.010781054662044244
0.009303390531683565
0.007807612110293126
0.0062883010866147775
0.004746605870878834
0.003181019415716874
0.0015960308361911036
0.0
0.0
0.0010326911010858028
0.0020631210102936537
0.003089670670704576
0.004111993684204545
0.005133632672434241
0.006153776636296142
0.007175827367606453
0.008203349280026096
0.009241714747313244
0.010290172095436595
0.01135175083200788
0.012429120811346294
0.013525792655595652
0.01463937889064789
0.015771954531373162
0.016925009090731396
0.018096883100073385
0.019284910647958124
0.020488280796309762
0.021705251830902144
0.022929691145324976
0.024156058896302877
0.025378863594213805
0.0265911447401611
0.02777955861981921
0.02893446728605747
0.03004370676531618
0.03109369827174595
0.03206276001448617
0.032937518098752935
0.03370164972110275
0.034339112924009936
0.03482867388436647
0.03516166830407225
0.03532802574039808
0.035320919880519074
0.035132805272765404
0.03477248571440362
0.03424614647279153
0.033563195311889574
0.032731962043571636
0.03177395882534239
0.030704205679321413
0.029537977399272556
0.028287545653175917
0.02697396633608669
0.025609580262795768
0.024205154972015478
0.022768793999026364
0.02131350277733679
0.019844205234841077
0.01836414738494112
0.016878654389549667
0.015389046490386025
0.013894966193600465
0.01239492694932718
0.010890187173035599
0.00937621488327966
0.007849299147847674
0.006306270495184089
0.004749105293139293
0.0031763394353867707
0.001591421018276229
0.0
0.0
0.0010351397148245331
0.002069501367708122
0.0031026082384774303
0.004134792215054417
0.005169181443042222
0.006204642342173731
0.007244309829014029
0.008291623586381879
0.009351347617687312
0.01042229638493994
0.011507533875619863
0.012609897194374105
0.013732606277189363
0.014873262954297205
0.016034134777495584
0.017217059267780346
0.018420008801120658
0.01964041417232503
0.020877507877932813
0.02212963978151085
0.023390423287023107
0.024654348963734397
0.025915529901368445
0.02716653234858079
0.02839385646708798
0.02958787555619404
0.030735220916367
0.0318205251776001
0.03282377107957994
0.033731928614451324
0.03452582786091745
0.03518646555777153
0.035693279763247154
0.036039821817668634
0.03621428571708785
0.03620918619006663
0.03601527701676037
0.03564210864797722
0.03509718140976099
0.03439218347200695
0.03353345392391694
0.03254120343734913
0.031433139850100975
0.0302269835949292
0.0289346713216967
0.02757602829979734
0.02616513038764658
0.02471393209566494
0.023230493562443718
0.021728223232722194
0.020212378991098717
0.01868650545549493
0.01715628836202626
0.015623388953249447
0.014087672468907237
0.012547962124287647
0.011006696340663551
0.009460189602172212
0.007905489467786754
0.006340023357444444
0.004766752012748266
0.003184070679977875
0.0015940396088371292
0.0
0.0
0.0010385499514050322
0.0020773527492254367
0.003116680583404942
0.0041572613216148205
0.0052024604393610995
0.006250821076810234
0.007305466104017831
0.00836971705757322
0.009448343701371906
0.010539564535386398
0.011646521907040987
0.012772103262185303
0.013919839480395182
0.015086917825835421
0.016275952321241634
0.017489026731688076
0.018724426211499258
0.019979163127021644
0.02125287655110248
0.022544191645056125
0.023846957100094688
0.025154914572816895
0.026462522264724366
0.027762524294843022
0.02904085942975723
0.03028722226641339
0.03148765277705754
0.032626366582076266
0.03368109488264139
0.03463833808882317
0.03547740291474051
0.03617801336461706
0.03671643805245207
0.03708548579429488
0.0372730539545458
0.03727135580009239
0.037070011179127796
0.036679082233749764
0.036106777269268114
0.03536552814100183
0.0344630479782749
0.033422338944321256
0.03226157225882242
0.030999195908784492
0.0296477147386388
0.028229892266122096
0.02676024396020626
0.025251348341230558
0.02371196082093764
0.022156065667677267
0.020588769825746474
0.019013348977629654
0.01743652188179113
0.01585965944288762
0.014282708372854487
0.0127045670969603
0.011128835969890108
0.009551904219633709
0.007971156769974695
0.006384174282947713
0.004794448193360146
0.003199627462847481
0.0016008496545483464
0.0
0.0
0.0010418705962117348
0.0020847266163081077
0.003129362059388241
0.004176882934274599
0.005231014086796711
0.00629012640435449
0.007357394313527349
0.008436108608686472
0.009531213553742847
0.010640475495590287
0.011767186780146202
0.012914326565169006
0.014085827378901537
0.01527855046987293
0.016495492592078546
0.017739045155798775
0.019007947122412536
0.020298944722417132
0.021612228118138902
0.022946820677398536
0.024296948414692744
0.02565579682492734
0.02701843901331501
0.028377963206496624
0.029719734178189943
0.031032714658798366
0.0323024435410126
0.03351246476576712
0.034637558646380205
0.035662879484618444
0.03656575013707099
0.037323964651118424
0.037909303035637575
0.038312437092309574
0.03852006575424351
0.03852412447922078
0.038313185855781626
0.0378979665096591
0.03728728815796131
0.03649495863433924
0.035531510863422995
0.03442416859347062
0.033192394700626286
0.03185575096019611
0.030428095599243133
0.02893576895793372
0.027394095819607594
0.025816308425641397
0.02421184383406084
0.022595185559061096
0.020971132500551857
0.01934253004114405
0.017716892035581026
0.016095121984031523
0.014477064796835748
0.012861436542312652
0.011252608312577012
0.009646715184337393
0.00804119139711816
0.006433473559433933
0.004827247004560009
0.0032192954135485032
0.0016099484258503783
0.0
0.0
0.0010443865714594555
0.002090233286249412
0.003138808323213472
0.004191528636047306
0.005252618218710196
0.006320561438054324
0.007398391421976955
0.008489246350729448
0.009598181641574157
0.01072326505012631
0.011867754629085054
0.013034744452994016
0.014228378986165323
0.015445847300759891
0.016690322037786958
0.017964537909841934
0.019267464026947692
0.02059654597111404
0.02195226003823399
0.02333415211000595
0.024736637160447533
0.026153304320041613
0.02757978107598207
0.02900977709883373
0.030427983901366674
0.03182259084098057
0.0331788490436001
0.034479162537419526
0.03569629245790741
0.036811956034181366
0.03780072678939848
0.038636802255069325
0.03928735306953097
0.03973902172652908
0.039976036347793543
0.03998844111144282
0.03976536519425691
0.03931779615465583
0.038655605000258955
0.037794693440380236
0.03674985739466433
0.0355536313857691
0.034228503319813544
0.032796874824895
0.03127518529154808
0.029691786221778173
0.028063841149922157
0.0264055796252683
0.024726809638703714
0.023041887488907203
0.021355555648981905
0.019670403806483144
0.017993723918427972
0.016325980547964563
0.014666785524254088
0.013014825844397995
0.011373959266695105
0.009740188410758173
0.008110908548218531
0.0064835070076044625
0.004861295704334393
0.0032402677673558306
0.0016199244375123905
0.0
0.0
0.0010456012560254347
0.002092970519863338
0.0031438346470020564
0.004200064570453358
0.005265870064755369
0.006339895948714673
0.007425423050429949
0.008525891085319775
0.009646282994384603
0.010784706210158682
0.011944636938317973
0.01312953000649601
0.01434359526307938
0.01558433489618536
0.016855309263181153
0.018159839070122065
0.01949725440247077
0.020865578847156546
0.022265803829911317
0.023698159782503066
0.025157721659983888
0.02663952504589594
0.028139003933687873
0.029649650959407785
0.031156895619865805
0.03265004917278227
0.03411265235616566
0.03552422183654238
0.03685685151884943
0.03808955277266054
0.039191614673781405
0.04013046480813284
0.040869413955082576
0.04139030657630394
0.04167117124000671
0.041698093976239865
0.041456917643906736
0.04096034424104807
0.04022370325444519
0.03927067745035107
0.038121424325746646
0.03681092547841726
0.03536755800353706
0.03381826937399394
0.03218251204174388
0.030490358596261966
0.028761406604204905
0.027011134340854528
0.025248727845247763
0.023488329896541933
0.021734555512691368
0.019989872219329935
0.018260211052511327
0.016546015301480733
0.014846105193796989
0.013158671566890824
0.011487215006431748
0.00982762901454977
0.008176646721605178
0.006531120543649926
0.004893841413458007
0.003260498505177874
0.0016296340604496598
0.0
0.0
0.0010450477369501842
0.0020922217102968843
0.003143531074478212
0.004201070172335479
0.005269413310987126
0.006347240725441155
0.007438066224771853
0.008545492436549862
0.009674909875877113
0.01082423449668852
0.011997253545634027
0.013197682904250756
0.01443048757531291
0.015692887622353786
0.016989085184927772
0.018322956571756956
0.019695144824390727
0.021103185387709788
0.022549252163766548
0.024034638684111872
0.025555921026190993
0.027107970490527777
0.028687574093951715
0.03028933983230034
0.03189954455267245
0.03350658278697985
0.035094699395612786
0.03664351927898173
0.038118285802461675
0.0394944849685956
0.04073804323831969
0.04181188959035975
0.042668023510375803
0.04327833196193605
0.043615388256617815
0.04366144302049535
0.04339885110494014
0.04284139737775747
0.04201003047077801
0.04093651541597859
0.03965129208010483
0.038198685715027214
0.03661054979613826
0.03491633676644819
0.03314177122678978
0.031323585091943836
0.029480432884058924
0.02762576734763145
0.02577003403132294
0.023928068081240924
0.022102979382925013
0.02029551680400254
0.01851190932723566
0.01675127024351203
0.015011431197638979
0.013289446762882318
0.011589391179241307
0.009905895455764199
0.008235098428696333
0.006573080715899149
0.004922627998939015
0.003278308254999225
0.0016380784804927967
0.0
0.0
0.0010424180451342891
0.0020872905178287195
0.0031368395779984653
0.004193356112311435
0.0052618071454592985
0.006340938648545998
0.007434463129778589
0.008546151313102312
0.009681874034328969
0.010839433727975063
0.01202294222895847
0.013236401724989393
0.014485613102132444
0.015767614225926183
0.01708730363138762
0.018449161382204177
0.019855252243624756
0.021302842163724762
0.022795478374886893
0.024335666262992255
0.025921671870704478
0.02754869861936986
0.02921530308552542
0.03091772740051334
0.03264373134152438
0.034381464186668785
0.036116565209120675
0.03782933453614591
0.03947826192432133
0.04103469216779014
0.042460205431940526
0.04371006447182257
0.044720635652578486
0.0454495630878667
0.045862177898889876
0.04593558523459422
0.04564678198091317
0.04501013153447582
0.04405374791080176
0.04282249864995447
0.04136177962465072
0.03972916868090364
0.0379608694687443
0.036089409657893264
0.034148433710884336
0.03218254721479603
0.030209219743267103
0.02823816406677704
0.02628039593535208
0.024350960209791626
0.022451080103559392
0.020579213298398156
0.01874129011294652
0.016934819217292358
0.015156434298677022
0.013401860871957829
0.011675481721046845
0.009970471486336981
0.008282292824019762
0.006606233687444333
0.0049449877402126165
0.0032919351007572825
0.0016444555285410722
0.0
0.0
0.0010373975629188632
0.0020775773635582427
0.0031229100103374523
0.004175807010448375
0.005241643238081816
0.006319429243061877
0.007412932745203954
0.00852598555284821
0.009664877399464668
0.010827818863160841
0.012019017053523153
0.01324269947208186
0.014505204838672552
0.01580431309940921
0.01714526901573411
0.018533255827893502
0.019970896539223938
0.02145718081010867
0.0229963145953024
0.02459207663179563
0.02624357677527309
0.027949659548642914
0.029709509492672544
0.03152030699001616
0.0333734585858252
0.03525924196814757
0.037164363615629505
0.03906844825819485
0.040929511927251104
0.042714420085581774
0.04437574622435811
0.04585854559928205
0.04707391077281304
0.047960838410747664
0.04847495974600065
0.04859075430233585
0.048272222947343006
0.04752725163559958
0.04640251481355651
0.04495975400984342
0.04327265646104181
0.041411459630014046
0.03942012195409485
0.03733156046894655
0.03518972526362944
0.03305302821621467
0.030932532412599103
0.02883390815456639
0.02676644574814397
0.024744583100560727
0.022767153372551974
0.020831519476433667
0.018939940455032736
0.01708899559649565
0.015274095420271028
0.013490317391476872
0.011740458096126406
0.010016809978723304
0.008314198777694043
0.006627465748697959
0.004958493660720356
0.0032997455041204344
0.0016479791379834766
0.0
0.0
0.0010298001044058867
0.0020624236529053624
0.0031006266710834063
0.004147226896123114
0.0052075490387683936
0.006280694594644692
0.007370798968867821
0.008482148572235056
0.009620996832789077
0.010785698072305177
0.01198093316154578
0.01321158358120992
0.014484151647067633
0.01579679526894456
0.017155531475937107
0.01856663937888159
0.020033468305572823
0.021555784864455522
0.02313922424483581
0.024789514996472157
0.02650725995207722
0.02829271031852406
0.030148106188544896
0.03207414372939036
0.03406352144529873
0.0361099211658302
0.0382044260486071
0.04033035666958633
0.04244655236154088
0.04451388787951306
0.04647415781346511
0.04825502213624129
0.04974828134187351
0.050866824332228736
0.05153764063330054
0.05171185659676138
0.05135200630422497
0.05047536033484951
0.04914152100836509
0.04742993840877384
0.04543563343498977
0.04325733700654892
0.040965440969630534
0.03861164217629372
0.03624231121327892
0.03390965536214935
0.03162310146135788
0.029386651218393994
0.0272058019216284
0.025091015572431426
0.02303725592500227
0.021038708276695274
0.01909595218326981
0.017204152693433915
0.015356717897820626
0.01354726283006838
0.011777805510118198
0.01004000822999354
0.008327418719912483
0.0066339034276166435
0.004960788632994034
0.00330024462628637
0.0016480229748411718
0.0
0.0
0.0010193291806852615
0.002041693698244541
0.0030700133858788925
0.0041072582358453865
0.005159023598819991
0.006224519654508843
0.007308103769720059
0.008414254457083378
0.009549688053062187
0.010712728772409747
0.01190845525407274
0.013142100766519641
0.014421215389176926
0.015743737054070974
0.017116475859915565
0.018546402465957915
0.02003942179232692
0.021594393320237132
0.023218886423636273
0.024920427993375575
0.02670367570275642
0.028567247706700074
0.030518547657516163
0.032563714959956164
0.03469546878668793
0.0369132815342273
0.0392144945030161
0.04159170883812909
0.04400798766996707
0.04642479619586423
0.04876749371261391
0.050933777951581126
0.05280320465913347
0.05425782835406358
0.055165697312589336
0.05542419767595786
0.05499769388725083
0.05393852879197086
0.05232085687816828
0.05025557463125568
0.04784988081366856
0.04524644594835882
0.04256497053010576
0.039897837992120405
0.03727867980702044
0.03472767563729083
0.03225871518547331
0.02987838288608114
0.027584238959061536
0.02537848767347116
0.023251387935685996
0.021192354165814043
0.019203187123213856
0.017275004899827483
0.015399516870479286
0.013568530057602566
0.011784736666231428
0.010037403213955241
0.008319272373191753
0.006623280618204319
0.004950684793192118
0.0032924443916136008
0.0016437793974255872
0.0
0.0
0.0010058537216583868
0.0020149613697262626
0.0030303432966961776
0.004055077759115156
0.005095052543626478
0.00614960126586394
0.007223233858842085
0.00832058839394403
0.009448882442610024
0.01060643956396481
0.0117986687192689
0.013031120553195526
0.014312441218804555
0.015640388348556276
0.01702251254192271
0.018466435655614784
0.01998073278517526
0.021563453437597115
0.02322414098096679
0.024972148221612388
0.026816611369842314
0.02875488206471419
0.03079951297758714
0.0329633154693694
0.03524111512709166
0.037639621702722975
0.0401561421850184
0.042802530420533794
0.045563249865329315
0.04841487901434591
0.05125883143211785
0.053937877756635506
0.05630928126737793
0.058209502084447466
0.059440269132072586
0.05982084960153129
0.05929501261471962
0.05795123011917262
0.055906203520019605
0.053344315931765064
0.05040697811213196
0.04728740203306387
0.04415364607031144
0.04113487581413992
0.03824450420313168
0.03546402056078061
0.03280812201730288
0.030284437261744943
0.027880443235817422
0.02558846420270614
0.02339340344624516
0.021279861544958426
0.01925055911437823
0.01729216467711899
0.015394678303325556
0.0135481423636922
0.011755833124278792
0.01000452547174189
0.008286203776399256
0.006592974376562184
0.004925997909579547
0.0032749883428028937
0.001634706047836136
0.0
0.0
0.0009891699390967537
0.0019818531653657888
0.0029810794104812707
0.00398992144965456
0.0050146313233976865
0.006054759296291518
0.007114843387995084
0.008199543023425016
0.009316543305764568
0.010464514256657462
0.011648968736967453
0.01287564762312211
0.014153907839805515
0.01548216653235198
0.016868344759489336
0.018320784117237077
0.019849199955789404
0.02145341473189273
0.02314386294049164
0.024931748443119003
0.026828560258289988
0.028836184513781834
0.0309694650111723
0.03324225985174133
0.0356647990217358
0.03825486321336755
0.041004839470750794
0.04387545471454798
0.04700565323987328
0.05042240996782427
0.05393638744059785
0.05732916309787027
0.06033761692539746
0.06282709373155461
0.06448340658172927
0.06506852586972377
0.06442638891166418
0.06258585220457925
0.059852899219332574
0.05657439438846695
0.05297013371721044
0.04925885599875837
0.045639834151613594
0.04225082568413448
0.03907783793823872
0.0360691339799376
0.033234378842516184
0.030577144245322586
0.028072868745106012
0.025701768572927514
0.023446104618298012
0.021288531326145606
0.01922727625500659
0.017246368841723293
0.01533431643889926
0.01348028721828209
0.011686085479672915
0.009937107083018515
0.008224680881633507
0.006540471281812709
0.004884858504176601
0.003246615222017686
0.001620154178080171
0.0
0.0
0.0009692126544614129
0.0019418255009286038
0.0029212017004929237
0.003910760347403062
0.004916598945514437
0.005938234883375463
0.006980559359766166
0.00804864979062736
0.00915004963617741
0.010283498626616592
0.01145499515493309
0.012670930136901614
0.013940624040449729
0.015262825134922902
0.01664626313917073
0.018100486728215296
0.019635747085089195
0.021252632802036552
0.022963280914791342
0.024781484615045174
0.026721398893835298
0.02878728325523444
0.03099832892639864
0.03337384653190241
0.035928660327948614
0.038690796852543834
0.04167393073545171
0.04485120546780662
0.04830527452837869
0.05207375455976002
0.05608014943484332
0.06022808979766464
0.06429186317773922
0.0679573690796109
0.07058256762118305
0.07156169007282366
0.07060642463479941
0.06792276472759683
0.06412161866107792
0.05980669105096677
0.05535157784983046
0.05099847079794377
0.046901455192937126
0.04314261193389671
0.03968766305441567
0.03647796495874054
0.03349547779099563
0.03072354201303651
0.028130963222246057
0.02569562218647562
0.023393415567907975
0.021202652895893535
0.01911986654762042
0.01712705282112869
0.015210341043236455
0.013357287513277463
0.011568850304544154
0.009830154244662447
0.008131207192583364
0.006462693283082249
0.004824643756229722
0.00320582747353278
0.0015997252343427297
0.0
0.0
0.0009457762261186428
0.001895061986348888
0.0028512777607284036
0.0038179060721959444
0.004801109462084257
0.005800605658671824
0.0068213549417159725
0.00786851358393475
0.008949836256182602
0.01006422675914629
0.01121789416344379
0.01241743093635394
0.013672806099051688
0.014982827209934544
0.01635674259112357
0.01780454111523248
0.019338940000065287
0.020959184808337018
0.022679389820497175
0.02451523726014168
0.02648713811590717
0.028596252493900177
0.030869149176311714
0.033335915467851036
0.03599849918114992
0.03889773767728925
0.04210406028886098
0.04568508321686217
0.049414084798348204
0.05332111607514761
0.05765538040914329
0.06256916714975125
0.06817759521354462
0.0738932965229403
0.07844603008874036
0.08019967737780483
0.0784964101786163
0.07424022697030583
0.06868733690268077
0.06292272431453816
0.05742804644272138
0.05239290497617713
0.047834621612193644
0.04373324461642422
0.040027571085867325
0.03665451222974319
0.033560781669471726
0.030701240240062697
0.028039851143156328
0.025559455089143847
0.023227842010358827
0.021016144341437174
0.018925035822273756
0.016931486179170518
0.015020123949580608
0.013176974298976796
0.011403440705644365
0.009682832289699734
0.008004626418848988
0.006358918457719617
0.004745486071827683
0.003152393388207707
0.0015727888863956375
0.0
0.0
0.0009188550109171862
0.001841336275009754
0.002770847524700775
0.0037108745851637615
0.004667658033179654
0.0056411153666628
0.006636182551491467
0.007658036692536331
0.008714655148329737
0.009805091143366048
0.01093563333149881
0.012112994662215784
0.013347786426903195
0.014638816555452109
0.015995632517099102
0.017428519667634475
0.0189525902853211
0.02056555746437113
0.022283070062440135
0.02412239061693104
0.02610991739237183
0.028243173326207956
0.030555277036661218
0.033086375789381554
0.03582538222719757
0.038827107004202346
0.04222547946859276
0.046187342794289654
0.05020012614073852
0.05439969317882515
0.05955209816937747
0.06553132256922191
0.07239272285682183
0.08103714376118058
0.08944956172713435
0.09278368402553636
0.08947061859330131
0.08161630912648832
0.0731236195075787
0.06556119990255356
0.0589775110666668
0.05329603444457446
0.0483368186619432
0.04395528193096013
0.04005505196023906
0.03656575104181029
0.03339895134070878
0.03048353082999174
0.027779923032683455
0.02527690764241961
0.02293501405949725
0.02071894549247539
0.01863405341331859
0.016652560639525898
0.014757912140825365
0.01293501509641471
0.01118587788091115
0.009492044275649873
0.00784261984417988
0.006227356603086039
0.004645835498346513
0.0030854281312423203
0.0015390952604744691
0.0
0.0
0.0008883588313750438
0.001780484423751195
0.0026796731256058305
0.0035892776924722606
0.00451579365071359
0.005459201239499788
0.006424370636343889
0.00741634931133543
0.008443461094373697
0.009504860495374818
0.010606801416994188
0.011755911962314758
0.012963367397575662
0.014228160024921126
0.015559886694407419
0.016968895880291966
0.018471606950047903
0.02006574872992626
0.021767431153504435
0.02359435250281536
0.025576582934973315
0.02771157993618139
0.03003457051908917
0.032587993527747786
0.03536400579925208
0.03843164505494859
0.04195306057539115
0.04615760593078274
0.050461730188527114
0.05518962228003016
0.062076233189680155
0.06977016759876462
0.07614707363447057
0.08799195672142783
0.10276085357495478
0.10832827630394234
0.1026939772850248
0.08844395040175844
0.07635136124141166
0.0671788247903687
0.059716288473314554
0.05354995202390732
0.04830506126056731
0.043747419517711404
0.03974024135592632
0.03618702199039461
0.032984469909476496
0.030048861142484368
0.027335692372911325
0.024834809565652538
0.022503178691802458
0.020302875530031458
0.018240199639680564
0.016284515064898534
0.01441888028626906
0.01262784896844185
0.010913225659480164
0.00925529587406351
0.007643164232877939
0.006066523881425076
0.004524655707403479
0.0030042241469718746
0.0014982670507558739
0.0
0.0
0.0008543340504583373
0.0017121682134627588
0.002577037441317851
0.0034525270840599144
0.0043448482012009935
0.005253753844718207
0.006184379517222531
0.007142032780584842
0.008134702855660866
0.009161358211732189
0.01022859193058431
0.011343408299205089
0.012516550144275267
0.013746926803735975
0.01504459828456473
0.01642052484050127
0.017890307255090963
0.01945230836370254
0.02112311397314706
0.022921306833464074
0.024875274708438234
0.026984738178877234
0.02928496942520548
0.031816084729862915
0.034580503776038794
0.03765113040903569
0.041187280589471305
0.04538418409553928
0.049886548608436804
0.05518051624347968
0.06303218638206692
0.07143402023181102
0.07774549094411609
0.09063846775758341
0.10745068527813499
0.11389716030338855
0.10731766370596467
0.09068909690628496
0.07696715580515819
0.0670743091744682
0.05930039186289766
0.05297555972051232
0.04765286712260065
0.04306469147127397
0.03904765852527033
0.035490174105809374
0.03229327034577763
0.02937575142137676
0.026690125992678088
0.024219380497471348
0.02192135170412818
0.019758581546580157
0.017734775588943527
0.015820521838674575
0.01399796152836412
0.012250971982340602
0.010581062033868566
0.008969305457933351
0.007404096916763559
0.005874522699942105
0.004380043875176353
0.002907800098077297
0.0014502391823658176
0.0
0.0
0.0008166881026281916
0.0016368910935279958
0.002464042116880654
0.003301644475389772
0.004155702137178266
0.005026315256464521
0.00591841327267797
0.006837156332379015
0.007790298039758355
0.008777255009526898
0.00980440889001455
0.01087861080659404
0.012010329609740711
0.013199028374056412
0.014454523473497854
0.015787557207466902
0.01721307784786391
0.018730478236892806
0.02035607000346123
0.022108210426072705
0.024012124093936875
0.026069305087975697
0.028314201124264506
0.030786684768947997
0.0334839107537874
0.03647067884043556
0.039890252987968465
0.043916173355976834
0.048378403768258645
0.05367146943713255
0.061157545134138694
0.06914278734013286
0.07533719422581156
0.08688445733830433
0.10138633539763359
0.10690729389084008
0.10121921518594017
0.08665940088074554
0.07424226129158551
0.06494430758905378
0.0575573194783925
0.05148619253301535
0.046346563821953936
0.04188819537711322
0.03795666050763167
0.03446619034692733
0.03132772612206622
0.028470333771051695
0.02584717671527347
0.02343515345427497
0.021194459057759876
0.019090031439801005
0.01712251418763961
0.0152642540479861
0.01349765810284184
0.011806920826170053
0.010192513073977194
0.008636167249272996
0.00712644015925424
0.005652646030790827
0.004213636887980866
0.002796821930748265
0.0013947041559874342
0.0
0.0
0.0007755560217338756
0.0015546366674759396
0.002340503682999609
0.0031365221486445143
0.003948492283375298
0.004776837204880834
0.005626188466976607
0.006501505129918364
0.007410302717330493
0.008352395762623416
0.009333815226558802
0.010361178507698115
0.011444653115147946
0.012584142912772633
0.013788975372568782
0.015069517354461603
0.01643990572317983
0.01790025930956914
0.01946612586393281
0.02115520640256505
0.022988847551956314
0.024969389948259937
0.027130211758566187
0.02950757088170516
0.032087805754186446
0.03492105909130157
0.03813588846485914
0.041850199042241985
0.04600447100597553
0.05080087800401838
0.05659213642796965
0.06288849147266834
0.06960777235122383
0.07804803857990866
0.08628914636715315
0.089620827721762
0.08617662812992104
0.07783518415497867
0.06884846152266401
0.061093981281033057
0.05463639126606904
0.04914758403741599
0.04440195192697682
0.04021348469479006
0.03646479604810945
0.03311312655426599
0.030088679994973694
0.027334388230812592
0.02480784835506086
0.02248260439671197
0.020322832849603737
0.01829666804523287
0.01640254033191745
0.014615164415602582
0.01291760692605624
0.011294860576221432
0.009746622575796277
0.008255391877277259
0.006810060957984538
0.005400442214348298
0.004024888084250578
0.002671111628113758
0.0013318241170742304
0.0
0.0
0.0007310180658613635
0.0014654584345657796
0.002206447441233523
0.002957166135337372
0.0037234704979414853
0.004505497442893068
0.005307810881012645
0.006135140382805367
0.006995087183778089
0.007887084431454597
0.008817067680231048
0.009791326346058539
0.010820141055344177
0.011902849356096907
0.013048558820282167
0.014267075183845608
0.01557241121346481
0.016963600431815662
0.018455722805237863
0.02006536359449763
0.021811787293591994
0.023693964014188242
0.0257446084339515
0.028001258908502306
0.030427497677301556
0.03305614587823248
0.036008799474962105
0.039406452483672805
0.04307881468490883
0.04702048013282546
0.051415954555072384
0.05634237950647339
0.06208748142720514
0.06813309604242024
0.07302098045059266
0.07493118868978017
0.07296830051571448
0.06819119902712749
0.06213823107688787
0.05618447500889294
0.050868313919879345
0.0461296606756685
0.04190229781021418
0.03807697033652745
0.03458940167697704
0.03144507854503044
0.028589771792387822
0.025978670142811786
0.023578051971171052
0.02136660195380861
0.019310911111008803
0.017380440131333743
0.015576390944554293
0.013874418366688292
0.012258769752212453
0.01071492506737946
0.009243620566188552
0.007827224523277975
0.006455274493716873
0.005117835125044281
0.0038137921470875616
0.0025307012431628586
0.0012616774719271097
0.0
0.0
0.0006831644599891797
0.0013695731781054406
0.0020622364053558863
0.0027642013227781597
0.0034811075194684992
0.00421294061581348
0.0049641486628097765
0.005739280792724862
0.006545635255942911
0.007382463268162427
0.008255547163277595
0.009170922915901153
0.0101383845994523
0.011156987576184775
0.012235517265143317
0.013383259376811835
0.01461320238415163
0.015923935124547785
0.017329543863922145
0.01884492155833823
0.020487382288640183
0.022254394551256787
0.02417432160201411
0.026279073705748283
0.028532722915502958
0.030956371514491744
0.03364377145577668
0.03670795753880077
0.03988116371699901
0.04308895696821411
0.04655113787013274
0.05041237448746964
0.05482677596588949
0.0591895044888331
0.062497653087632485
0.06371480906186562
0.0624825442449864
0.05944854902746965
0.05533925997738035
0.05092517824020733
0.04666286573507427
0.04266646653853619
0.03897146810772913
0.035550707541506785
0.03238587671373821
0.02949798933459741
0.026852920283202235
0.024418349689519444
0.02217015786816189
0.02009498607624759
0.018162865215660132
0.016346029577501746
0.014647081635310798
0.013044240669840541
0.011522927148210087
0.010069349878757773
0.008684781279917468
0.00735257386794207
0.006062778268176627
0.004805770053050015
0.003580774652617014
0.00237587789544439
0.0011844547357451336
0.0
0.0
0.000632131694684212
0.001267323980531911
0.001908425594951134
0.002558346786167422
0.0032221637551047705
0.003900213778507891
0.004596573069906162
0.0053155135222919935
0.006063576464080165
0.006840561606896621
0.007651746372084301
0.008502779105673066
0.009402315406896584
0.010350192641061812
0.01135431804387801
0.012423212672740902
0.013567630594508363
0.014788032184093518
0.016096192371316223
0.01750475483717074
0.019027434701974797
0.02066584154023325
0.022438713776681867
0.024365108585863673
0.02643731194815326
0.028672041803979552
0.031107386676502837
0.03377140100627674
0.03653884024702982
0.039369388112100216
0.042330945080816924
0.045445779988597994
0.048662551370584776
0.05159827990568021
0.053698248683488596
0.05445593993390767
0.05370898733049476
0.05174714425335411
0.04893304897647143
0.04568113669412853
0.04229296308856563
0.038947852370152816
0.03574903646810793
0.0327410841998867
0.02992888698179524
0.02732167159953775
0.024908650775061738
0.022675091262620864
0.020603178923694104
0.01868152481189106
0.016888134674246245
0.015202177342096255
0.01362183061690338
0.012130201387670575
0.010714326097124414
0.009362151191804585
0.008073404922149096
0.0068338824501960665
0.005634287799335754
0.004465822323337853
0.0033270562069389158
0.0022073665091205336
0.0011004099098561142
0.0
0.0
0.0005781106737317083
0.0011590652318675956
0.0017455166720658536
0.0023402213489761075
0.0029476641675331003
0.00356848920647461
0.004206347667533972
0.004865224481374076
0.005550870740407969
0.006263574769374252
0.0070080315495188
0.007789483328687592
0.008615405855546822
0.009486336686700458
0.010409202903851673
0.011391720192812848
0.012442388668923825
0.013563431060300866
0.014764230389637258
0.016055147013322914
0.01744645558522368
0.018943928930731473
0.020556922817598043
0.022292413655400415
0.024172479888138965
0.026211824640523105
0.02839383538355135
0.03067708892580925
0.0331023418742116
0.035677838606617295
0.03830551409692051
0.04087442287197331
0.04314877540286536
0.04496969325181299
0.04615080495358116
0.04655964530464432
0.0461414484665536
0.04488739380637501
0.0429642541162276
0.040562564079682874
0.037861757954383866
0.03507388239864857
0.03233042225544379
0.029724496201204202
0.027269563352357477
0.02495466376901884
0.02278866966746629
0.020772589898916453
0.01889340417269051
0.017140680142091188
0.015500080169003094
0.013957959020225346
0.012508248011462499
0.011138848769046925
0.00983848719429388
0.008597019141099118
0.007412762849591474
0.006274015775058887
0.0051721888764188475
0.00409944179737439
0.003053788411016524
0.0020259578088717397
0.0010099523706028903
0.0
0.0
0.000521329309153633
0.0010452134332853216
0.0015741139771989754
0.0021105317252033255
0.002658823727562269
0.003219132243234984
0.003794983434439756
0.004390018757127801
0.005009831655402142
0.005654064511133442
0.006327220698375561
0.007034033045318791
0.007781706285925847
0.008569901644582462
0.009405128551502282
0.01029426717634613
0.01124499595082211
0.01225855562778294
0.013343161812314647
0.01450731033676301
0.015759673808570747
0.01710484710912986
0.018548288729727767
0.02009243986348525
0.021765197433810272
0.023577556724492275
0.025492821532687844
0.027454574741806372
0.02954453418908877
0.03178291727270808
0.034016426454170565
0.03608494322885224
0.03772869943863993
0.03889898447352023
0.03957770668180747
0.039787799878376655
0.03952386392620379
0.038686200329646335
0.037330543707641106
0.03553329536313242
0.033389978688681515
0.031095268901220236
0.028783140766064738
0.026564461395987067
0.024453539713087738
0.02243284016736028
0.02052284036640394
0.018734577233631818
0.01705891241431463
0.015488191873066798
0.014013053671494398
0.012623485785553296
0.011315051760972744
0.010077636410984294
0.00890174616466948
0.007778236373610598
0.006706774006375599
0.005676330822431387
0.0046792991885944366
0.003708328398271603
0.0027624095114993923
0.0018326000411097588
0.0009135496341865842
0.0
0.0
0.0004619947860282192
0.0009263197094607954
0.0013951408180564605
0.0018706323163584617
0.0023569031633566733
0.002853849832542818
0.003364708881266543
0.0038927095530388377
0.0044431054466515406
0.0050151892865175135
0.005613107792522616
0.006241040098055748
0.006905694381680405
0.0076061241545624944
0.008348294961771403
0.009138225145083449
0.009982954079582605
0.010882152841898474
0.011843358682264495
0.012873903213903384
0.013980814685790885
0.015164472168822003
0.016430897516083853
0.017786371433244342
0.01924007747736817
0.020794524484458187
0.02242583093124152
0.024113536755822965
0.025863133865300838
0.02766502409872936
0.029422788381515498
0.031006154959031813
0.032273408047770846
0.03317087608103274
0.03368692497109186
0.033828966294823355
0.033595139979399
0.032965076886012024
0.03193988143794223
0.030560602203323278
0.02888611565768149
0.027047412279905054
0.025157302763260454
0.023306370968465436
0.0215160102739625
0.01978854605320735
0.01814126904507821
0.01658572001242468
0.015119060060116712
0.013739506569493964
0.012439513344546595
0.011210076792003552
0.0100511571649354
0.008953810816434551
0.00791010419784477
0.00691181839310314
0.005959959990977897
0.0050443059738704025
0.004158265372655572
0.0032951545100925956
0.0024546407922621527
0.0016283745804600198
0.0008117065669929351
0.0
0.0
0.0004003913664980208
0.0008028454949928138
0.001209246440143254
0.0016215183219845774
0.002043016482269464
0.00247404945275631
0.0029172884232530135
0.003375524854272932
0.003853013744604935
0.004349705539652881
0.004868989663298526
0.005414454688293441
0.005991448731085531
0.006599898089877606
0.007244582815408479
0.007930504883217764
0.008663095579870876
0.009442848010417948
0.010275552085258767
0.011166971137251198
0.012121662875235391
0.013140062905394642
0.014226980240262076
0.015386232649100157
0.016618295630065866
0.017920252217509668
0.019279794151792637
0.020680596670746978
0.022106553076795925
0.023532810505093746
0.024894069809598574
0.02611056586442818
0.027090798776989777
0.027792777486252168
0.028198071779444427
0.02830440718140666
0.028110855413731355
0.02761237373891233
0.02681462217137339
0.02574364452308295
0.024444493085890032
0.023004469329109843
0.021498289125567022
0.019988290383340573
0.018502487127331282
0.017058887583497325
0.015671947482274
0.014350358927922033
0.013096050479709697
0.011911003196483664
0.010790659489605779
0.009729073099330769
0.00872596267096008
0.007774858344758064
0.006869498123147707
0.006003587208128407
0.005176870118660171
0.004381476321167999
0.0036117908559165136
0.002862355393007824
0.002132125472607025
0.0014143845229903445
0.000705022538808505
0.0
0.0
0.00033678742344559116
0.0006753371619784537
0.0010172389664883051
0.0013641705122176381
0.001718705399973732
0.0020815251494134346
0.002454711622199038
0.0028406324145347165
0.0032425156214473195
0.0036609282613935734
0.004098475595602048
0.004558177213310575
0.005044003097876127
0.00555672661674508
0.006099942176022899
0.006677682436533031
0.0072938081799618065
0.007949712515733374
0.008649504667067952
0.009397551256661344
0.010196247453930975
0.011046459097358834
0.011951382641845663
0.012913611465362067
0.013927030640140907
0.014984982757358326
0.016082757530331587
0.017211705508216584
0.018342730620647712
0.019443362218614937
0.02047750579404468
0.02139923867551966
0.022156877134867105
0.02271019465842425
0.023036216554258436
0.02312280454458161
0.02296230735572251
0.02256229784067964
0.02193477640414732
0.02110372898061866
0.02011197227212611
0.01901133467462934
0.01784428697978716
0.016644414804617647
0.01544319529165033
0.01427098171198314
0.013137133098163518
0.012046822205185137
0.011005278529735365
0.010017092773881964
0.009080037985832836
0.00819088103981414
0.007348627298113027
0.006548990417286454
0.005787198155735057
0.005058808019680989
0.004362263273368
0.003692025961470497
0.0030434155042343494
0.0024122165819657395
0.0017967180303556573
0.001191870099035673
0.0005941023951263072
0.0
0.0
0.0002715094001568188
0.0005443822266172014
0.0008199634521284657
0.0010996168084511395
0.0013856715796732324
0.0016781906788611144
0.0019790870729735686
0.0022903181789941545
0.0026148170020953666
0.0029523726888315027
0.0033053736657444816
0.0036762901917468433
0.004068688513800215
0.004482346037325488
0.004920505679493347
0.005386489964264756
0.005883531317280512
0.006411835060520217
0.006974935228951752
0.007576217720530659
0.00821737536997816
0.008897651034754699
0.009619686610194935
0.010385158072072524
0.011185962820474347
0.012014935059993419
0.012869755510615128
0.01374469581972473
0.014609687660465137
0.015437908374749532
0.01620795879208221
0.0168933110121606
0.017462836301950467
0.01788616375944837
0.018139748694652853
0.018208561314559574
0.01808112970473147
0.017770666316629373
0.01729072115885375
0.016663658370905114
0.01592211202056184
0.015098768546030615
0.014217430371663127
0.013297155916921453
0.012363210024970527
0.011446393684111583
0.010554084901873585
0.00969030038090445
0.0088606727371668
0.008070964185647332
0.007320030935594854
0.006605473214727254
0.005928196524029123
0.005284431922474784
0.004670586165062739
0.0040828479288427715
0.00352103452752061
0.0029803051969199018
0.0024569059717788706
0.0019471068118049896
0.0014503550522333688
0.0009621456758865545
0.0004796332509521288
0.0
0.0
0.0002048338857564776
0.00041074981198715424
0.0006187135984862606
0.0008296712373946534
0.001045664807454147
0.0012664291514943072
0.0014935149478560894
0.0017283666967943833
0.001973549917562311
0.002228410620240585
0.0024949179699464506
0.0027749054011236038
0.0030714679062846728
0.0033837324031861004
0.0037144085188672593
0.004066042901982118
0.004441322542941509
0.004839504719382973
0.005263527215140506
0.005715878080304163
0.006197947232547245
0.006707928359690573
0.007247801718915809
0.0078179584153335
0.008412529824210261
0.009026101984778866
0.009655304866819007
0.010293184737356185
0.010919152000695074
0.011517229024083133
0.012070138500075663
0.012561227441703942
0.012963390903187618
0.013259485498607738
0.013434887802942198
0.013480765984776847
0.013391549080639881
0.01317357600925519
0.012835183731662848
0.012390518370310787
0.011857665705322163
0.011264284465641448
0.010625700306155924
0.009957402068726147
0.009275154897604446
0.008599664307328354
0.00793868832489858
0.0072962140762042
0.006676839105934765
0.006085775446811002
0.005522411847714364
0.0049847511709241775
0.004474943520258293
0.003989909463992304
0.003527037602882244
0.003083174855234469
0.00265925690371879
0.0022510615188120883
0.0018558447422409943
0.001470587755324803
0.0010955230972044662
0.0007267397758912598
0.00036224595167659427
0.0
0.0
0.0001371409256208382
0.0002749980722739456
0.00041423823364895233
0.0005555421923678848
0.0007000601573489404
0.0008479245163082999
0.001000061198798221
0.0011574377209965792
0.0013214949154722287
0.0014922477293519698
0.0016708464014401488
0.0018585015058537344
0.0020569519059805154
0.0022661983457408453
0.002487781124046662
0.0027232782525191982
0.0029742363539629712
0.003240746748226061
0.003524389457274698
0.003826598069795644
0.004148035377005167
0.0044880795432526354
0.004847288156327101
0.0052253541956691065
0.005618790442610818
0.006024196417571713
0.006438063028527744
0.006854731746345077
0.00726243098741694
0.007650851264141961
0.008008790623033049
0.008324499879917775
0.008582283056027635
0.008771181953480093
0.008882518075417484
0.008911068581288534
0.008853838786896025
0.008714154540834875
0.008497091355869006
0.00821116834094323
0.007867675592164143
0.007482447929399655
0.007066558950689128
0.006630413600506288
0.006184118009673889
0.005739522742392523
0.005302560553608327
0.0048769621399836535
0.0044657805881593545
0.004072222059343276
0.0036964436565189783
0.003337778428589466
0.0029969192758221705
0.002672376374084305
0.0023625403823178156
0.0020656576284576057
0.0017816244031355918
0.0015081052224856077
0.0012432916300782386
0.0009853906738289328
0.0007340059344541244
0.000486919208144978
0.00024271648055117586
0.0
0.0
6.87500270229327e-05
0.00013783934816785024
0.00020763126701778782
0.0002785416402878075
0.0003508276596841327
0.00042499519870684965
0.0005013397080513728
0.0005803599031266498
0.0006623740813355276
0.0007480391392811377
0.0008376829209452731
0.0009319077026829416
0.0010311093417686935
0.0011361410629955216
0.0012473900252174157
0.0013655001049130077
0.0014909231117915755
0.0016246064397900226
0.0017668586132179897
0.001918150717885068
0.0020785640152738622
0.002248811275265641
0.002428435477176131
0.0026166125197008465
0.0028123838942297847
0.0030144738153213527
0.0032202123211124574
0.003425588487061612
0.003626979476650146
0.0038187326064911637
0.003994991298688316
0.00414892233366919
0.004275195629714092
0.004367905479058906
0.004422639806182983
0.004436366072480073
0.004408386573744888
0.004339390889689038
0.004232510539752372
0.004092262268623124
0.003924466287136733
0.0037343145672878186
0.0035285510395418797
0.0033129013883860525
0.0030927583908536872
0.0028717831511117006
0.0026540217762638474
0.002442106385570971
0.0022373004360588225
0.0020404965620649316
0.0018523934481206802
0.0016733780151605034
0.001502538028307899
0.0013397944902913028
0.0011844306507996251
0.0010360315517642048
0.0008934422201611084
0.0007561677451141931
0.0006233031955766167
0.0004942709244848653
0.0003680713830696179
0.0002441711016573856
0.00012173051824452604
0.0
0.0
0.0
0.0
0.0
0.0
0.0
0.0
0.0
0.0
0.0
0.0
0.0
0.0
0.0
0.0
0.0
0.0
0.0
0.0
0.0
0.0
0.0
0.0
0.0
0.0
0.0
0.0
0.0
0.0
0.0
0.0
0.0
0.0
0.0
0.0
0.0
0.0
0.0
0.0
0.0
0.0
0.0
0.0
0.0
0.0
0.0
0.0
0.0
0.0
0.0
0.0
0.0
0.0
0.0
0.0
0.0
0.0
0.0
0.0
0.0
0.0
0.0
0.0
0.0
0.0
