0.0
0.0
0.0
0.0
0.0
0.0
0.0
0.0
0.0
0.0
0.0
0.0
0.0
0.0
0.0
0.0
0.0
0.0
0.0
0.0
0.0
0.0
0.0
0.0
0.0
0.0
0.0
0.0
0.0
0.0
0.0
0.0
0.0
0.0
0.0
0.0
0.0
0.0
0.0
0.0
0.0
0.0
0.0
0.0
0.0
0.0
0.0
0.0
0.0
0.0
0.0
0.0
0.0
0.0
0.0
0.0
0.0
0.0
0.0
0.0
0.0
0.0
0.0
0.0
0.0
0.0
0.00023458406731072847
0.0004229043239717865
0.0005530297141185287
0.0006121644627797019
0.0007202740742775361
0.000841047969791632
0.0009595004619935598
0.0010189430308491267
0.0011333039747160496
0.0012645913078136908
0.001395973312074115
0.001461536984254385
0.0015868768296399861
0.0017333252937138197
0.0018820238316518112
0.001955456174444547
0.0020942153394472992
0.0022586049296408283
0.0024272811991226666
0.002508943239655521
0.0026597630346710866
0.0028405087872109924
0.003027298892266306
0.003113967992127833
0.0032658727871625495
0.003450259180075516
0.0036419353871038063
0.00372262081774954
0.0038455966019664994
0.00399922555966309
0.0041613690243329825
0.004214130655217921
0.0042571321819405055
0.004322835058103803
0.004401095628624091
0.004401937657283015
0.00432685024014917
0.004264358845703904
0.004223848228836653
0.004170645905007145
0.004004180084342303
0.0038451602533457136
0.003716441404435909
0.003631183173674551
0.003427418403033097
0.0032292552302187996
0.0030638133533753818
0.002969444970491608
0.002766132987041011
0.0025668061282727935
0.0023978336857144204
0.002306734669359118
0.002119291384583455
0.0019335973636573404
0.0017737193134133254
0.001689383620449262
0.0015190034426363545
0.0013471471823960077
0.0011946394059701257
0.0011068451745444752
0.000900644822579858
0.0006136247970103314
0.00028056285281779575
0.0
0.0
0.00042256689402382083
0.0010312013204902203
0.0011418525958309933
0.0012161150098755258
0.0012660443081350312
0.0018268208436383968
0.0019557440702885312
0.0020334477813807933
0.0020695479584140783
0.0026799017192707087
0.002838003498034583
0.0029237529872195513
0.002947689247066845
0.0036287101248652855
0.003821302316486632
0.003917396743704206
0.003928711164266425
0.004693553703522389
0.004925078030767839
0.005032069689394754
0.005027353963287824
0.0058692285978196
0.006140425809643125
0.006254259951328864
0.006223886496621816
0.0070846086771463685
0.007385770092569588
0.007492224329289435
0.0074154401310669955
0.008135261977962938
0.00843613674197529
0.008506197259844623
0.008352210033649965
0.008661684448707734
0.008910558171908129
0.00891174969299004
0.008665247524592698
0.008371508200623712
0.008527416571429037
0.008456856307929432
0.008152866047519738
0.007407912160936391
0.0074798823295313685
0.007367393317999245
0.007058329934396788
0.006133185567975392
0.006151294582969742
0.006027326475347516
0.005746992365199214
0.004818493957016957
0.004804996031210744
0.004685638699855758
0.00444611755350858
0.0035822427902868445
0.003547407867466524
0.0034371228654466335
0.0032378154746312603
0.002440558398167673
0.002385160737762651
0.002277403754890202
0.002096912675152963
0.001110372179040893
0.0005205058464911415
0.0
0.0
0.000551473290422789
0.0011403721499950426
0.0012074439940854885
0.0012815014457876765
0.001349070481280258
0.001993310001789962
0.0020641607242688604
0.002142706293186728
0.002215217858077596
0.0029167829372280184
0.002994748489599862
0.003081463715540424
0.003161731216223105
0.003944670916925628
0.004032196404443443
0.004129423563477871
0.0042192487554086455
0.005098874243972574
0.005197259739262398
0.005305633549197188
0.00540477700080179
0.006373767098073297
0.006481218087263133
0.006596792107901159
0.006699647855081323
0.0076919262613873406
0.007799089395299749
0.007907633058586518
0.007997383691305144
0.008829563751264457
0.00891364437058831
0.008985518438122949
0.009031251221862054
0.009390527500312903
0.009418330034500502
0.009419622809247515
0.009394064319727072
0.009053575533230955
0.009008938748157704
0.008936632855240103
0.008850573289251255
0.007989427494986863
0.007895529107060099
0.00778082915133084
0.007666651297530886
0.006599999020690579
0.00648852417286735
0.006362639992272749
0.006245075373805247
0.0051763133592894715
0.0050660800694657055
0.004945178698957468
0.0048350530653808385
0.0038415984849603855
0.0037390998928566394
0.0036275750986302863
0.003526582140674582
0.0026109811767938626
0.002515055017599034
0.0024089286912898785
0.002311239495214944
0.0014614177923243782
0.000698069150735733
0.0
0.0
0.000607256909706643
0.0012103890491665854
0.0012773364573351372
0.0013607839242027271
0.0014333647955562523
0.0021082164619416408
0.0021815407367522664
0.002271499605172565
0.002350491611139139
0.0030861466689719656
0.0031662405798722837
0.0032656958106613548
0.003353847895645805
0.004175213052892849
0.004264568729882144
0.004376285787312932
0.0044756786063185495
0.005399312607317901
0.005499268579887564
0.005624287510038964
0.005734973880136374
0.006754481714243688
0.006863180178558838
0.006997609240536457
0.007114109244175681
0.008162381112993488
0.008270007318070165
0.008398164312355098
0.00850298519873595
0.009388500371972225
0.009470649198424858
0.009557327225139117
0.009616731453499346
0.010003234402521667
0.010023708155890838
0.01002555509442519
0.010007769479945656
0.009642876842547972
0.009584757120458491
0.009497886553801939
0.009413768203373226
0.008497639521505954
0.008388295361993009
0.008252853518197134
0.00813769834393819
0.007010557096578396
0.006884850512110288
0.006738340134994141
0.00661871632088849
0.005494045331498092
0.005371727665524653
0.0052322468123724855
0.005119569694340965
0.004076571626480087
0.0039641036129576855
0.003836176796624672
0.003732292138384282
0.0027737351361186682
0.002670571003304809
0.0025531012424645258
0.002461985603929899
0.001654470396690434
0.0008377869913390178
0.0
0.0
0.0007032757897521702
0.0012525449983165574
0.0013386263343528103
0.0014270297627742093
0.0015718981224499846
0.002208045892581034
0.002284271889689393
0.002380115025387948
0.0025534927028785857
0.003247583961190727
0.0033157342626646547
0.003421768793121259
0.0036300315326234455
0.004405445126710561
0.004467047409953805
0.004586267577340065
0.004835855251678942
0.0057088305064352
0.005763131278983913
0.005896819203892376
0.006192436848150128
0.0071585231131626025
0.007199342887761681
0.007343707179528652
0.00768287638402119
0.008681530774622684
0.008690315465668121
0.008829018163648318
0.009188882207526807
0.010040666831670092
0.009977556137293828
0.010072416461347895
0.010390850519973696
0.010768241224940564
0.010580987062281074
0.010583167118897284
0.010776791774911592
0.010422245995617438
0.010105397840269837
0.010010502594801974
0.010072521778862944
0.009191491018860817
0.008822597915808134
0.00867599516819423
0.008655231799721684
0.0075810356039001355
0.007227549352323333
0.007070158723255615
0.007009206632430065
0.005943219888786589
0.005632948604447032
0.005483788559380374
0.005403628141482849
0.004418009094708449
0.00415510239175973
0.004018695517641227
0.003925963580092936
0.0030226621828127625
0.0028018209443194707
0.0026782836350402726
0.002576925549017904
0.0019234349526733438
0.0009649036382882532
0.0
0.0
0.0008095180743005834
0.0017464972865269923
0.0019066727132360528
0.0020236332187169
0.0021362673467557407
0.0030531789508594733
0.0032403906899920692
0.003366940417987633
0.0034747052193264964
0.0044821014547417794
0.004703641080148684
0.004844294278582475
0.004950336802725266
0.0060826806924660195
0.006346556526536025
0.006505753245807681
0.006612167756502861
0.00790261054433716
0.00821715383494209
0.008398251516766961
0.008503715219689257
0.009970649425493024
0.010341988472140982
0.010543471220688005
0.010636463578916122
0.012236856561592251
0.012659590008144032
0.012863887324982995
0.01290616637321472
0.014404054877192457
0.014835446181540587
0.014986242915234538
0.014891319816927612
0.015649489376640707
0.0159755810660899
0.015980637878151578
0.015665023380062624
0.014980099813433831
0.01508562947761679
0.014936453265431459
0.014497354746671617
0.012950272769983619
0.012900589466332279
0.012684388013478142
0.012242274244038375
0.010513922336069056
0.010399708387573791
0.010179494542398854
0.00978655329720155
0.008163845290562636
0.008029652264423929
0.007827496481812192
0.007492934041504946
0.006038381914856184
0.005898479440338885
0.005717248153685388
0.005435286857333635
0.004133920678078883
0.003990485023784219
0.0038264400311218637
0.0035878706765180048
0.002205354978480654
0.001098181787122577
0.0
0.0
0.0009125403206927281
0.0018612861991162194
0.0019668649914349455
0.0020858168602589677
0.0021939318557072577
0.0032280217750620148
0.0033411969057365446
0.003470191421534801
0.0035880587999534384
0.004724632644265964
0.0048499557392991804
0.004993406014063065
0.0051250917779790284
0.00640314727421672
0.0065448374449984335
0.006707349320092384
0.0068569121368943125
0.008314644983498187
0.008476608372084945
0.008661871285623646
0.00883211030291615
0.010492464256728984
0.010676126668235409
0.010883234679011044
0.011071170750568246
0.012890204520034556
0.013087204374261993
0.013299291563526902
0.013482620698704657
0.015198993857994003
0.01537201143411536
0.015531230177803161
0.015642423604094395
0.016523350022874368
0.01658687805751376
0.016592519079659796
0.016538982485700484
0.01574520038098373
0.01564045894504147
0.015483191539043841
0.015307260339061001
0.013534095035805672
0.013342510145855089
0.013117916629010967
0.012906922955361487
0.010941568818384999
0.010737194214967714
0.01051070022086671
0.010308746153293172
0.008471629157232144
0.008282225515936173
0.008075381610229415
0.007893918395016145
0.006250879443850741
0.00608128638587457
0.005896366469656973
0.0057346914080148815
0.004266884046127477
0.004114598277296298
0.0039481767149491314
0.003799762496686782
0.002474757421817084
0.001217003305721279
0.0
0.0
0.0009598084520187416
0.0019232125535792862
0.002029594474680708
0.002158206625364437
0.002271363656175693
0.0033332633656719323
0.0034490086545881093
0.0035885799701963223
0.0037126507144977913
0.004880277365722387
0.00500793699068931
0.0051633560861797856
0.005302635356900777
0.0066162995981979816
0.006760208481393407
0.006936704421277247
0.0070956545473291
0.008595785952665528
0.008760084202940882
0.008962464655905094
0.009144582179743796
0.010858229366249585
0.011044803483537771
0.011274172442033933
0.011477680815967938
0.013367874354183854
0.013568971987523937
0.013810958674107402
0.01401493306727548
0.015824839458949483
0.016001851460720137
0.016193432543488512
0.01632711346630419
0.017283359757601435
0.017341128264477746
0.017348959014614578
0.017302962490667748
0.01644484716312744
0.016318375580918372
0.016129874339776328
0.015950125617833707
0.014078753665599032
0.01386547993543051
0.013608585651200478
0.013392582620391377
0.011348503190191936
0.011127488176929818
0.01087616804732655
0.010670248947242238
0.00877331584674284
0.008571297046169631
0.00834518643031661
0.008160342706655697
0.006469480683537644
0.00629005978329552
0.006089395197775231
0.005924484530937664
0.004416776381780368
0.004256876839329172
0.0040772265031992615
0.003932153871657459
0.00263086994625309
0.0013268623120968263
0.0
0.0
0.0010417280813452764
0.0019397004614164217
0.00208372542093458
0.0022179426853408085
0.0024164130583825385
0.0034021569938605355
0.0035413840686979005
0.0036872747359448315
0.003918874460617152
0.005003127218016655
0.005143101357427736
0.005305639500539711
0.005579081952539485
0.006799537305541971
0.006944514878070065
0.007129277608752457
0.007454880952687825
0.008850193652394143
0.009003359603270582
0.009215745118084928
0.009605356182575846
0.01120404601940578
0.011363993541327281
0.011606160895310125
0.01207020870231375
0.013846609873968867
0.01399531685303616
0.01425431568707176
0.0147850151614583
0.016515565165220594
0.016584166369030345
0.016794572679159618
0.01729409115668092
0.018243097548131495
0.018070867624693607
0.018079995010732975
0.018278339103470494
0.017430302254755604
0.016939938134160414
0.01673319189045815
0.016666452671693623
0.014874679231344804
0.014321316337558548
0.0140459827870695
0.013875973798926352
0.011952780467251064
0.01145929160037923
0.011193698856070375
0.011001976208863116
0.009231364440187729
0.008814323554041917
0.008576949814670215
0.008387052799813687
0.006814198841735775
0.006464444391174411
0.006254426852758829
0.006069401760488992
0.004669261304667727
0.004374603250326636
0.00418748823628649
0.004004152339062126
0.002858696843890257
0.0014335709790928974
0.0
0.0
0.001135375379065726
0.0023757278046820348
0.0025854686730818225
0.002745548199948588
0.002916052083512658
0.004156467742967166
0.004395137864420681
0.004568898996826604
0.0047422362162703
0.006110806499812393
0.006388786893016594
0.006582944956016481
0.006765113632195795
0.008313162696353819
0.008641411872692985
0.008863473028730355
0.009060978314518821
0.01085230275035356
0.011245075810301042
0.011504432630501101
0.011724029546881731
0.013842076486824869
0.014318891281473504
0.014626557100951662
0.01487095125579817
0.017410579842886208
0.01799516459127502
0.018355056355554532
0.01859920591554001
0.021525272412667225
0.0222122210777041
0.022558833971291235
0.022635751737487504
0.024821727824256127
0.02538231881929001
0.025402649402280455
0.024883677548177188
0.022979483918042422
0.022943320619020734
0.02260428472909811
0.0218939330145585
0.018819129130065306
0.018556835209141975
0.018170120889789972
0.01754470871123531
0.01476123926057729
0.014480034639957793
0.014140326093400062
0.01362636426791963
0.011266617390705837
0.011005281464137567
0.01071461588899132
0.010290062714735435
0.008268041495697084
0.008026484424356778
0.007774229325815888
0.007418518816982886
0.005647695355383924
0.005419337087687153
0.005194590852964607
0.004889826572456638
0.003103679974366347
0.001548458756136656
0.0
0.0
0.00122845289607721
0.0024973937890048693
0.002638419714141691
0.0027994099990974342
0.0029449378339419024
0.004332600513406031
0.004484465620070388
0.004659507183237678
0.004818873711822968
0.0063502369786873365
0.006519012473659582
0.006714662768621802
0.006893854994273618
0.008626505569302143
0.008818658141160509
0.009042565901353716
0.009248875336981816
0.01125520618834727
0.011479003265677362
0.01174098981445492
0.011984056457228913
0.014360956284969396
0.014627334529459118
0.014939662305173499
0.01523140470016015
0.018095760378423628
0.018416049719642183
0.018786189952994196
0.019129639742898677
0.02247145730618776
0.022828325926379477
0.02319830057681256
0.02349857490164693
0.026077301397161468
0.026259462927153556
0.02628263498761007
0.02614034127927373
0.023894697340956617
0.023618488476939016
0.023256008921930842
0.02288990764106201
0.01937065819977011
0.019004985473646412
0.01860614590029049
0.018257224092576026
0.015114593772376264
0.01479317858368043
0.014447942022699967
0.014152298138716034
0.011502960566445083
0.011231039438041884
0.010937296352994905
0.01068570220529228
0.008420674582695744
0.008186824339658375
0.007932476584416658
0.007713729026335834
0.005732167187254493
0.005526129156900092
0.005300394147949111
0.005103012052548462
0.003340716030454385
0.0016510062212893584
0.0
0.0
0.0012688142696288102
0.002550311926236239
0.0026920581779156885
0.0028614391431668403
0.003011356167070278
0.004423477636735789
0.004577634207206362
0.004762000815762786
0.004926810033521334
0.0064855755095861835
0.006656441238217432
0.0068626449453184565
0.007048503016276467
0.008812533216218365
0.00900667457488666
0.009242938269746058
0.009457517672112522
0.011501505963725392
0.011727496227644832
0.01200501674009078
0.0122588078373136
0.01468545388273511
0.014955150755532316
0.01528992813801257
0.015597080680000566
0.018539815497466437
0.018867470253356968
0.019278360885180534
0.019648572160505626
0.02314856761314227
0.023525511347052885
0.02398644310617781
0.024340742546760642
0.02723177134486644
0.027421412939460044
0.02745588670230387
0.02731533028294163
0.02479458103594657
0.024465188568516125
0.02401034268200075
0.023622605644251577
0.019918822923141077
0.01952255713694941
0.01907561440002298
0.018717121288961826
0.015483150138272896
0.015144679796172447
0.014773462945986728
0.014473191715766602
0.011766671615212823
0.011483211224683426
0.011171661001164098
0.010916796886913233
0.008608720713896527
0.008366184003875546
0.008097783586512773
0.007876059151795189
0.005859140820405658
0.005646478783136858
0.005409229020418928
0.005214549657480138
0.0034719248293329803
0.001743270180024497
0.0
0.0
0.0013335957782828855
0.0025407597674292778
0.0027368238329444046
0.002911907251304756
0.003156600168918566
0.00445757024952753
0.004655318437754193
0.004846133201156504
0.0051272641313328685
0.00656365884773843
0.006771141038100312
0.006984597344027356
0.007312946689371082
0.008938634090921981
0.009163456152198244
0.009408105258192264
0.009797653121082727
0.011682064608602936
0.011934223195729204
0.01222196004453079
0.012693597078146606
0.014934374238763405
0.015227433873721092
0.015576062791424322
0.016165295468629506
0.018897590769687767
0.019245946999512896
0.019680047823948128
0.02045297042858555
0.02376680757852534
0.024145696304602438
0.024658492364595413
0.02569590088157214
0.028681622031877876
0.02866798833182911
0.028714635792877974
0.028845287077284818
0.02623272328353716
0.025212302305288193
0.024702364501529833
0.02431587539648842
0.020786199463016627
0.019946167668512014
0.0194718630671956
0.019078850572052063
0.01607094847312619
0.015430634398162512
0.015043528035074588
0.014702250877621243
0.012201453684604836
0.011688902532923269
0.01136570460608055
0.011064634762383231
0.00893619480297923
0.008512371250030685
0.008234426170814386
0.00796019816517551
0.006101831700577548
0.005743913647109668
0.005499024584479324
0.005240330133747755
0.003652684516235891
0.001829829842883361
0.0
0.0
0.0014103849522445766
0.002898495310724181
0.003148635187630336
0.0033453570749743798
0.0035675599030301815
0.005085299294883761
0.005366290472054464
0.005580925918434582
0.005813989765513378
0.007493521425026001
0.007817191291355517
0.008057466974099594
0.008309250372532348
0.01021022783502026
0.010588871175613412
0.010864444657449835
0.01114590935689856
0.013354747747337314
0.013806379272796585
0.014132368685105664
0.014461274444643462
0.017125662029512045
0.017681998602400526
0.018086698382983102
0.01849645871890373
0.021925548342363613
0.02265658053502843
0.023206060476138633
0.02377138439757744
0.0287933923115396
0.029897112725325817
0.030775762014748156
0.03164503477825085
0.0403990096768959
0.041978677328919224
0.0422436716922057
0.04097231186832323
0.03301049568934616
0.03221763639211769
0.03126906366871369
0.030030991699025372
0.024316919932996995
0.023671773742083898
0.023053395222145914
0.022246277409931625
0.018400785670781364
0.017929012447434813
0.017475565801509472
0.016866441698269338
0.013871801929061865
0.01348633951742385
0.013118760992765039
0.012624755905561747
0.010121703183654743
0.009785328298591918
0.009472005120390238
0.009058018891381647
0.00688865062232782
0.006583109981633237
0.006307244061437125
0.005950812268944885
0.003848969266524443
0.0019217899509490724
0.0
0.0
0.0014890068001759632
0.003021221961344306
0.003191609262839108
0.0033880957040880147
0.0035654257377800884
0.005254918003120378
0.005439866055650558
0.005654567962099806
0.005849614315675125
0.007719505389492485
0.007925405720765189
0.008165747229200921
0.008385290313783912
0.010501466351131902
0.010735948969462
0.011011528431115315
0.011265028346173055
0.013723686713068289
0.01399831998800268
0.01432432327650406
0.01462759137352548
0.017594529082265314
0.017930203949285108
0.018335475501748678
0.018720762693997025
0.022547638378514367
0.02299149982262377
0.023545072743495883
0.02409681629075247
0.02974622654155499
0.03043561591321419
0.031345319032433816
0.03233422783719969
0.04277774476952948
0.04371891561970961
0.04414962048934116
0.04375778415797175
0.03397275466397054
0.032920532842210956
0.031895815963167914
0.031107731666502002
0.024653890905262498
0.024026179680397237
0.023401637524308426
0.02290250550835183
0.01860693561424518
0.01817434967394513
0.01771986508012658
0.017343133661346846
0.014006951781664886
0.013665156555585494
0.01329736985004892
0.01298699528975099
0.010200058135180283
0.009911970537857044
0.009598577051159941
0.009331734427612544
0.006917046491412856
0.006665835874691286
0.0063905824837947175
0.006153471437485707
0.0040403504095568405
0.002002485572392043
0.0
0.0
0.0015200096425520458
0.0030619425345425966
0.0032329512250515186
0.0034361751043575305
0.0036170521370409827
0.005326870109729068
0.00551378573570246
0.005736270949179945
0.005935800484587937
0.007828508402486497
0.008036169839936696
0.00828513521452378
0.008510068106610326
0.010651333806812423
0.010887312017604315
0.011172407480948542
0.011432305444772795
0.013918825666879428
0.014194732584097581
0.014531495958232528
0.014842423905628515
0.017841609198425576
0.018178597262536303
0.018597061534409307
0.018992022869474344
0.02286136888750094
0.023307799603148
0.02388192961480029
0.024448511207898063
0.030180243765550938
0.030883497112279345
0.03186337380228085
0.03292792807617167
0.04453342619640941
0.04591747471698748
0.046734447483221794
0.04665297792239051
0.034970236059161726
0.03361079090976051
0.03241746939144945
0.03159231113556365
0.025017726664278858
0.024372007482063043
0.023722085970038234
0.023218875179455624
0.01887299467589788
0.01842980958085135
0.01795982852071439
0.0175807792569413
0.014206818111371658
0.013856815282421966
0.013476394979925782
0.013163740276956472
0.0103440441989608
0.010049246750678805
0.009724801564239636
0.009455510818527725
0.007012366938811618
0.00675597263351316
0.006471713784599742
0.0062364998280526026
0.0041378037414877295
0.0020709712106182564
0.0
0.0
0.0015625425679206468
0.003025363276432851
0.003265208882254495
0.003473993074553253
0.0037550648112527887
0.005323169067285012
0.005572874534124529
0.005801749204430387
0.006121909301168765
0.007857946480147497
0.008125530471793515
0.00838157981108368
0.008751290223015998
0.0107143810324267
0.011009226837610093
0.011302203231327546
0.011735706569523208
0.014013493719811749
0.014351027088038287
0.014696688262243587
0.015216861187820022
0.017960949509761823
0.018370078388938796
0.018798870935455868
0.01945048067383831
0.022984080751622987
0.023531951533925895
0.024118855092699856
0.0250149306238583
0.030234840300089307
0.03112834696777536
0.03213401057533535
0.03371804490383733
0.044803130209410916
0.04722593100319957
0.04831031894424453
0.04803904138692965
0.036098997988684024
0.03393601799848426
0.032674502370955226
0.03160205224495108
0.025608383626541165
0.02460534966317301
0.02394080582250488
0.023309326900051802
0.01934020619116842
0.018623018567390782
0.018141278323322484
0.01766639402179067
0.014578395913489844
0.014007055925684847
0.013616379141604287
0.013217647517353283
0.010633494697080324
0.010157284820742258
0.009823743000210152
0.009470345107128639
0.007230408987821523
0.006825746473660872
0.00653408003331266
0.006211521512286952
0.0042566140424491385
0.0021305159190602987
0.0
0.0
0.0016163479260845326
0.003276677163753147
0.0035550228440445674
0.0037803422414599865
0.004047040216048166
0.005791763750706692
0.00610502193614226
0.0063533753740809724
0.006638684895897206
0.0085718938963755
0.008929407697898496
0.00920650999339942
0.009517348564223633
0.011688556708999018
0.012100439519878154
0.012415238121665647
0.012763881364378303
0.015253059406830924
0.01573436793657713
0.016101221536876986
0.01650878406845686
0.019445750064177526
0.020020613671857423
0.020465392974862776
0.020974423003864578
0.02460670063073546
0.025321214014957297
0.025900824648778475
0.02661732928878086
0.03151514741582476
0.032477709109871855
0.033354583440472055
0.03466102756322349
0.042842599484157425
0.04467354239956971
0.04541221169576232
0.04531974257971776
0.03653612388813483
0.034726724263954
0.03368272819948555
0.032603551151960466
0.027098800526113555
0.026274264609865903
0.025623576910078428
0.0248372072569647
0.020769409156072456
0.020184373831233195
0.019684541373552564
0.019051388195835118
0.015735499073713567
0.015259773174424889
0.014843641941782915
0.014311892784628882
0.011471155227390359
0.011056649202604565
0.010696995208774375
0.010243491660116186
0.00776179834436619
0.007390137649490557
0.007075685661738366
0.006686861770159989
0.004387267020119138
0.0021914713378081273
0.0
0.0
0.0016739953892997437
0.003392205011269874
0.003584039501136013
0.0038080388051989263
0.004010866196231946
0.005947020454159713
0.006159060954677075
0.006406409310971941
0.0066306893187131856
0.008775859491117935
0.009011551129845254
0.00928735543411153
0.009538181412244159
0.011945897822134037
0.012211719098338703
0.012524648699989113
0.012810589786813866
0.015567912049814128
0.015874230612388695
0.016238100832687848
0.016572852060603303
0.01981972364285542
0.02018381212221142
0.020623045836217997
0.02103165795949641
0.025030626607671056
0.025486649905191755
0.026053437511391726
0.02659076849593741
0.03192865066597533
0.03255726383678431
0.033387933825393255
0.03419062406100219
0.042310951959029036
0.043072158383346
0.0435201290302569
0.04326409255070589
0.03554523099819166
0.03466130486035164
0.03369973041885063
0.03299006005834213
0.02701095157585223
0.026409072791253485
0.025773978415176802
0.025263829432584994
0.020787121574868173
0.020328782497616573
0.01983521768545941
0.019425243654417303
0.01575853125096812
0.015379382386567362
0.014966377673333075
0.014617739948000558
0.011469158689782774
0.011142003273621385
0.010784159536362055
0.010480401341319313
0.007727211334358625
0.007441094397230389
0.0071286601733324285
0.006863777858352147
0.00451527232216975
0.002242101398666691
0.0
0.0
0.0016913656155381864
0.0034153673977522104
0.0036078443024866657
0.0038368182431227217
0.004042336897061342
0.005995761409420589
0.006209643938479256
0.006463491463455177
0.0066913066063304
0.008854861888554007
0.009092039169369872
0.009374481467935248
0.009629324037976141
0.012055359341049334
0.012322152570201887
0.012641460002792424
0.012931709135843938
0.015705763167470903
0.016012244025646712
0.016381175943204932
0.01671993047774812
0.019977103827687002
0.020339631933288645
0.020779235026744586
0.02118959999741815
0.025176758094126717
0.02562642275885146
0.026177214975021974
0.026707076003614483
0.03195101527935011
0.03255318312245586
0.03328988783493129
0.03401919163440494
0.04116865064598813
0.04172576541853554
0.0419061638293023
0.0415666522601155
0.035105974130767
0.034389334097454316
0.03360459288597519
0.03293954783328186
0.027095331003141397
0.026504761287181766
0.02589091800261781
0.02538819703086733
0.020927507440992536
0.020467951100142795
0.019974137818611386
0.019565323012266454
0.01588581004888793
0.015502466439584797
0.01508295948984374
0.014733165221831513
0.011562633709722185
0.011230782047960249
0.010864492566374513
0.01055846099012583
0.007781436647884359
0.007491483179563075
0.007172342187109502
0.006907898683015395
0.004565623710937911
0.0022771767982986053
0.0
0.0
0.0017010855240179928
0.003348271601965669
0.0036218259563219053
0.0038561879031260024
0.004163406383418982
0.005951092904562205
0.006247022013325971
0.006507292997261383
0.006856506567882211
0.008835254205705955
0.009153839227876805
0.00944311050981228
0.009840450822245947
0.012057049099480613
0.012407292997941797
0.012733793499889078
0.013189774233321008
0.015720502622400254
0.01611704791352078
0.016493219063686212
0.01702178255935778
0.019984664744799003
0.02045194266334187
0.020897527602451855
0.02151666209953037
0.025121170205809153
0.025707382697055685
0.02625814207454371
0.02698784035358955
0.03166138393173946
0.03247093275584305
0.03317839684963007
0.033961576593936726
0.039965540607090164
0.04087492890016628
0.04098759999310587
0.04023798409818625
0.03488114422056585
0.03417426795635142
0.033442427308581144
0.03254007055458851
0.02735059758022
0.02655980245492599
0.02594743847426651
0.02528026413468553
0.021250176801702707
0.02057055597568002
0.020070109006211544
0.019529919617097016
0.016181828143715563
0.015596469093500608
0.015168373429861982
0.014699701726070017
0.011804442223305352
0.011297261809407313
0.010922104575106431
0.010500766957093536
0.007959643163592933
0.007524010771170484
0.007197466761825879
0.006824345672386197
0.004597275377830691
0.0022971415767838025
0.0
0.0
0.0017183452045386532
0.0034353343723492256
0.0037259244623890388
0.003974256531805373
0.004283314448067487
0.006234071842780246
0.006573537737390642
0.006851268432591737
0.007182258430225208
0.009318315353553989
0.009699974556294781
0.010005804922789008
0.010364040924168795
0.012726262398718062
0.0131570848369169
0.013498191236834354
0.013894551061040256
0.016540257454144693
0.017028875096135335
0.017413675007933123
0.01786201663129515
0.02084480442164998
0.02139667424117782
0.02183223273713241
0.022350311759260395
0.02568118972473022
0.026285659830080875
0.02676781329369681
0.02737391400271747
0.0308488735057346
0.03142573294144884
0.03188677814500566
0.03253552295555862
0.034958884077207
0.03513153883403199
0.03515837645673968
0.03505764783541394
0.032874418223615344
0.03223837486368661
0.03177634243988742
0.031188474296712294
0.02748429695934174
0.026812300550607418
0.02628540927770878
0.02563045358987772
0.02193814508712769
0.02134867720858505
0.020860105093212327
0.02024927890103091
0.016864633569932726
0.016341176957292487
0.015900361148960557
0.015352041787435034
0.0122847085256457
0.011808634710142036
0.011411085746299588
0.01092636658788082
0.008153372466251746
0.007716962651631888
0.007369414078244883
0.006968959854020405
0.004628782643285202
0.002308274083918012
0.0
0.0
0.0017367793962179139
0.0035252907417584268
0.003731070237520667
0.003979803111806286
0.0042066319655789134
0.006368498762190763
0.006605319944963511
0.0068822693943949974
0.0071312217140094575
0.009494960311195216
0.009754497727550899
0.010058943462622745
0.010333151899849529
0.012944494047392367
0.013232215275928197
0.01357120089982881
0.013877139449322522
0.016797672005140794
0.017120166947113852
0.017501471656637308
0.01784533602741134
0.021128684363413176
0.021490970001144385
0.02191992835823526
0.022303470147229543
0.025945906661905223
0.026343832022817704
0.026811543409757208
0.027214900939133067
0.030945161826910414
0.031332181794010115
0.031760201559825986
0.03206965912089373
0.03449677815595374
0.0346568014384815
0.0346778910315986
0.03454805997223342
0.032353386509950836
0.032058108217624205
0.031629652359169654
0.03122770253853931
0.027264168338744794
0.026830449462646233
0.026320382339962548
0.025882703735655235
0.021847323865910567
0.021419961211799288
0.020938772862517902
0.020529794015629425
0.016802587366038166
0.01641024792689589
0.01597292915705377
0.015600687236933407
0.012210802875473268
0.011854138016275322
0.011457984122524552
0.011120391096845005
0.008046680260315887
0.007725646953024979
0.007376663784707375
0.007091271507898112
0.004644677178342281
0.002298315895102123
0.0
0.0
0.0017092737675957945
0.0035059910835011933
0.003720115726274409
0.003981845870281395
0.0042152656525329965
0.0063879901882680215
0.006629881547590717
0.006915041654500982
0.007169625693887742
0.009539322254168392
0.009803341817353723
0.01011531914242934
0.010395416710545889
0.013010234877926997
0.013302139240070114
0.013648114669737966
0.013960171428780165
0.0168801645528819
0.017206296481591384
0.017592923322446167
0.017942483739172115
0.02121584451329986
0.02158022640268549
0.022009364971561036
0.022396176605691
0.026004643414945107
0.02640029338144488
0.026853606465981172
0.027252327342185696
0.030887646897890777
0.031261596852549284
0.03164146262271528
0.03192867804642633
0.034171810299777255
0.03432221569405379
0.03433691695848979
0.03421157106334475
0.032174285633250616
0.031899902554097366
0.03151850315733577
0.031129810805474216
0.027274898771689187
0.02684743426108388
0.026354705202031314
0.025919602640089814
0.02192321795394415
0.02149256092047037
0.021010886702626217
0.02059891884678964
0.016880981555146567
0.01648207203124096
0.016037241629501882
0.015659604538169943
0.0122653528779615
0.011900992797427254
0.011493542474728648
0.011148721550597767
0.008058047337452247
0.007726954725163441
0.007357080320432348
0.00705702018724296
0.004568014465094862
0.0022367787901766095
0.0
0.0
0.0015502360169977066
0.003355892902291111
0.003690894881301796
0.0039901369817344125
0.004320848405501677
0.006296198081828769
0.006632097469252965
0.006951636885325737
0.0073182805865827155
0.009467505970223038
0.009823909119208283
0.010172276551431906
0.010581015850871737
0.01295029214489281
0.013337588094996923
0.013722973909856865
0.014181489059120127
0.01682435471763348
0.01725226591272696
0.017681352738150576
0.018194013076765797
0.02115085840154535
0.021626587649627396
0.02209957296265744
0.022657987645217828
0.025904539790555896
0.02642279663282846
0.026915478652768172
0.027467679346914173
0.030709117473043925
0.031208523326361842
0.03160847931963592
0.03196238096201906
0.03391559010923575
0.03415407382769648
0.03416786373119712
0.033956858909312604
0.032177683582609216
0.03184510846918406
0.03144249250365451
0.03091524781094297
0.027479901206679827
0.0268951565062231
0.026359812260693918
0.025782100409895772
0.022186553516688683
0.02157256362609094
0.021041207624185192
0.02049331451352704
0.017133091533905825
0.016557172751944235
0.016062324329441338
0.015552895064335505
0.012476790109093845
0.011952927023872217
0.01149640487948868
0.011016780310798382
0.008205263119075944
0.007735648452111834
0.007310607574186867
0.006832829379123169
0.004270124923370013
0.002113097859503614
0.0
0.0
0.0013461727556336063
0.002484557626959947
0.003378945223221299
0.004053180764387406
0.004897040640398324
0.005759475676876412
0.006599222159965905
0.007261364587341115
0.008138867940134792
0.009050873768599314
0.009946316509485612
0.010656174958463088
0.011609812756325402
0.012604393019885543
0.013582538677801792
0.01435909330370346
0.015410042318670736
0.016506614584350352
0.017583572890786513
0.018434278108842576
0.01959009960468937
0.02079292551779706
0.021967155578799823
0.022878044108429547
0.02411316674867417
0.025387012371532035
0.026609837106134737
0.027510668304791843
0.028700665526170975
0.02989256718581288
0.03097891013917596
0.03164970294364003
0.03238712817816096
0.03302868174118624
0.033483954270693346
0.03349818676117674
0.03308669592836965
0.032485418781843134
0.03177353536060499
0.031087936580362557
0.029944073510059142
0.028676933242160557
0.027401719365682
0.026419427247374696
0.02506825878677172
0.023653319177886906
0.022274702524364857
0.021245435800535912
0.019907002672486584
0.018530103173004332
0.01720047167433474
0.016207286830903583
0.014939957011514175
0.013642859776369075
0.012390759011693219
0.011443716323937517
0.010241380793646103
0.009004260393884257
0.007790823952811181
0.0068153349027995245
0.005523394008431478
0.0038839396653189483
0.001945925032068477
0.0
0.0
0.0011538640903131074
0.0022248314085069804
0.0031756237374139704
0.004056443483174773
0.004915512762353014
0.005784528967330135
0.006630356928380535
0.0074781186833915644
0.008342336045694681
0.009240826993920134
0.010128946983545276
0.011030017730493813
0.011957104166342691
0.012927227628221629
0.013889564839631333
0.014869176481225807
0.01587937304832403
0.016937263445151757
0.017984555282389188
0.01904789833704724
0.020140467028184925
0.02127900362918147
0.022395219173582386
0.02351503318757792
0.024649629921299463
0.025813514002123287
0.026924627125422294
0.02800005996905591
0.029044202079039932
0.030065551197940993
0.03096588839785529
0.031731451269116764
0.03235486195679449
0.03284587712365947
0.033125587501230326
0.03313577337016461
0.03287468655074971
0.032397095739904146
0.031771685714010824
0.03098086151327146
0.030030487761172574
0.028938727462228746
0.02781015231429613
0.026633644685799138
0.025404573649635727
0.02410663934619896
0.02283116156344864
0.02156073953988361
0.02028279434030047
0.01896933485455036
0.017697643042985378
0.016446816877942857
0.015201013894730428
0.01392966920929674
0.012698866886416455
0.011484837885071217
0.010267773800513894
0.009012009636398912
0.007764403085717783
0.0064790644583143054
0.0050859083116995924
0.0035093428526393935
0.001790894955715849
0.0
0.0
0.0010710257702247472
0.002104325161179578
0.0030841369031095875
0.004018569328772191
0.004928538505742386
0.005826324732142479
0.0067197603327820215
0.007614060287214652
0.008518981185618812
0.009435594919337053
0.010364698598945565
0.011307072389117654
0.0122700154817252
0.013252119366509274
0.014252272717551783
0.015269697522151342
0.01631082942197202
0.017372267309366734
0.01845085270535449
0.019543694878213773
0.02065566619791708
0.021780169951790825
0.022910325980690274
0.02403909543439216
0.025167628554755576
0.026283544962910958
0.027372665226257146
0.02841971506057243
0.02941809932405798
0.03034629006391653
0.031177786867498426
0.03188484751574073
0.032452484154068276
0.03285872272878344
0.03307559645835857
0.03307790755582016
0.03286357193491835
0.03245284233380087
0.0318683293149356
0.03112746608736377
0.030243377777662245
0.02924452591627215
0.028158549810525117
0.027007690784326646
0.02579878552778113
0.024548823640946637
0.023273489898755995
0.02198614257901626
0.02068518694016015
0.019378409162766577
0.018073067830364678
0.016775653940015883
0.01547944079869401
0.01418642671310709
0.012898029581849484
0.011614636590007284
0.010323540092505783
0.009017808688660053
0.007686086283452234
0.006309836369421813
0.004856728752180833
0.003309625484490454
0.0016783266112095168
0.0
0.0
0.0010343229038587243
0.0020508625979395877
0.003039933878069925
0.004002505629819691
0.004945859730494189
0.005878563411852612
0.006807477218204952
0.007738652433739239
0.008676799469905407
0.009625460651747767
0.010586709425318775
0.011562959698084083
0.012556127028485822
0.013567495846546658
0.01459714722356905
0.015645752832559142
0.016713463612377504
0.01779964112461982
0.01890215983474512
0.02001934143130229
0.021148618208769822
0.022286136118846334
0.0234259232771543
0.024562027072996838
0.02568697630708058
0.026791207549663333
0.027862111016685818
0.028886542123623127
0.02984941362043726
0.03073302047787765
0.031516358546624615
0.03217888747091485
0.03270106146305326
0.03306416370448318
0.03325014946862006
0.03324659021410729
0.03305130494841251
0.03267237476638756
0.03212368970108831
0.03142061866365783
0.030580678253111317
0.029623656564220065
0.028570577386961043
0.027439423370096937
0.026245819529518016
0.025003669215726977
0.023726450396507608
0.02242429290831926
0.02110502504475438
0.019774757091690246
0.018439464157326863
0.017102463515639287
0.015765321402443577
0.014428160836376235
0.0130909110950498
0.011750727439471042
0.0104024059391806
0.009038120760743255
0.007648129910767963
0.006219317357593788
0.0047390527956480116
0.0032016823876392974
0.0016150672091911412
0.0
0.0
0.0010191275078762425
0.002029242193649638
0.003024786465548263
0.004005042744540869
0.004973177482280113
0.005934156008803163
0.006893213284371612
0.00785508725473383
0.008823840437082625
0.009802718589769286
0.01079434258800462
0.011800827967544163
0.012823884105530868
0.013864641372828664
0.01492375947617261
0.016001438654232893
0.01709741403244593
0.01821066800167216
0.01933947407902461
0.02048133914840719
0.021632926397986356
0.022789671545694733
0.023945787390767286
0.025094172722055892
0.0262263069170786
0.02733182724279129
0.028398600169746775
0.02941278579792155
0.030358946773306198
0.031219909342222595
0.03197735928495765
0.03261276734986834
0.03310843458550743
0.03344818419505979
0.03361867658241451
0.033611354309933665
0.033424160454380555
0.03306163801795169
0.03253346142561266
0.031852786998996525
0.031035159750492144
0.03009783426622581
0.02905854935251074
0.027934389031510867
0.026741025537642023
0.025492749128112988
0.024202210066551516
0.02288022573463119
0.021535612606176917
0.02017557333527442
0.018805717656697977
0.01743007072616586
0.016050971613405445
0.014669383076144814
0.01328480241031566
0.011895122113126795
0.010496371693732907
0.00908292013519767
0.0076477033424488345
0.006183246348626061
0.0046837550582045666
0.00314823060702728
0.0015826725831625808
0.0
0.0
0.001014407331079003
0.0020241850364829863
0.0030263118283423785
0.004020207815541019
0.005007559126231379
0.005991525390957971
0.006975872426032481
0.007964372130648645
0.008960470637885671
0.009967162328231166
0.010986963179978264
0.012021938863363503
0.013073698851587372
0.014143383215806656
0.015231635234930282
0.01633858142890752
0.017463755392901122
0.018606011212297296
0.01976342472496586
0.020933207154187113
0.02211156135627634
0.023293536220407012
0.024472883395350413
0.025641948773632774
0.026791528642386347
0.02791076702602182
0.02898712031366711
0.03000644028760024
0.030953112078305887
0.03181035045846128
0.03256071349781022
0.033186867135881724
0.03367245681419692
0.03400308855060139
0.034167442391601535
0.0341584398249093
0.03397407059502359
0.03361751095831887
0.03309653129438944
0.032422541004111106
0.031609615899509336
0.03067354635410515
0.029630890568896673
0.02849807727806948
0.027290749228392017
0.026023327519708886
0.024708741530856865
0.023358224098548312
0.021981249225334613
0.020585553410862923
0.01917720748935144
0.017760651527272773
0.016338768447189497
0.01491295337601151
0.01348317542836678
0.012047985917978269
0.010604596980919305
0.009149094263246345
0.00767693819054215
0.006183859772873453
0.004667214360929713
0.003127436835298931
0.0015689636261439974
0.0
0.0
0.0010149703823604955
0.002027733528262659
0.00303690105474521
0.004042395787968388
0.005045488034671548
0.006048479745087967
0.007054257020185518
0.00806588857347113
0.009086347411426296
0.0101183483777224
0.01116426740398013
0.012226099321210809
0.013305427489071804
0.014403388477342504
0.015520630718989174
0.01665725853516227
0.01781275938642584
0.018985911892065062
0.020174682188877805
0.021376104123195617
0.022586145214763157
0.023799561045569517
0.02500975341684832
0.026208636047827746
0.0273865216567476
0.02853204875293506
0.02963218251282172
0.030672310719498483
0.031636463935534216
0.032507689311902496
0.03326860944365091
0.033902155655536746
0.03439244045552562
0.03472571658559426
0.034891356794911
0.03488272228938841
0.03469773518162116
0.03433900372368501
0.0338134869738868
0.033131821252552866
0.032307464437449085
0.031355773132142065
0.030293083425615312
0.029135871710994063
0.027900059368994142
0.026600494252103663
0.0252505910450179
0.023862110402180444
0.022445052177637082
0.021007642037365618
0.019556372759065386
0.01809607846210653
0.01663002506420004
0.015160013732208993
0.013686487236260857
0.012208655564887342
0.010724675916216482
0.009231950242968644
0.007727597603944751
0.00620913381503143
0.004675289463260119
0.003126762987115872
0.0015666059965473143
0.0
0.0
0.0010180599582899805
0.002035377204769335
0.0030516554300318794
0.004067341806563032
0.005083701207620668
0.006102693397401964
0.0071267413576022185
0.008158483140281763
0.00920056446370645
0.010255489639463142
0.011325521957108106
0.012412615564763647
0.013518361259833673
0.01464393435866628
0.0157900366898548
0.01695682781124307
0.01814384161804636
0.019349887200784
0.02057293341222223
0.021809977791305224
0.023056901142967216
0.02430831288419721
0.025557394733746498
0.02679575423405542
0.028013303529854625
0.029198186247266993
0.03033678009471435
0.03141380666086962
0.0324125798724747
0.03331542209516103
0.03410426311382178
0.03476141428063207
0.035270480502774704
0.03561734411898716
0.03579112305615579
0.035784977542050164
0.03559663292883469
0.03522852359075928
0.03468753826664625
0.03398442570063161
0.033132966443799296
0.032149025712741156
0.031049592215020586
0.029851890432953367
0.028572631170010913
0.027227433359720755
0.025830420794127857
0.02439397640289642
0.022928627943024506
0.021443033900883802
0.019944039392765203
0.018436775851914777
0.01692478716509307
0.015410171951803213
0.013893741188746955
0.012375200730083823
0.01085338112052625
0.009326542509121913
0.007792775359231966
0.006250486678542113
0.004698909090927179
0.003138512165362247
0.001571172358457467
0.0
0.0
0.0010220613987745367
0.002044337152152818
0.0030672987335371017
0.00409185817225649
0.005119436031672966
0.006151916685342994
0.007191527097031817
0.008240685202014583
0.009301853996816082
0.010377419368456198
0.011469594136489507
0.012580341844779009
0.013711311105636106
0.01486377191719921
0.01603854721140296
0.017235934488832916
0.018455613841230217
0.01969653978862754
0.02095681547877692
0.022233548834145713
0.02352269193549316
0.024818867315068133
0.026115188269121677
0.027403084657283926
0.028672151561012976
0.029910045081707273
0.031102456788342336
0.032233203994273374
0.03328447536929784
0.03423726689326056
0.03507202882134573
0.03576951840908467
0.03631181784331637
0.036683436673520725
0.036872381040098885
0.03687104940469571
0.036676819640695656
0.036292232057782176
0.03572473995292252
0.03498607288094972
0.03409131539684636
0.0330578330370815
0.031904177613975064
0.030649082654662183
0.029310625304354656
0.027905592276304483
0.02644905266685249
0.024954115947946644
0.023431840246384426
0.02189125242890159
0.020339444221926673
0.018781715479957176
0.017221744270204148
0.01566177250834965
0.014102804449362013
0.012544823337019742
0.01098703702765092
0.009428163636261129
0.007866759166175177
0.006301569221810566
0.004731859707955718
0.0031576586883393662
0.0015798390302949384
0.0
0.0
0.0010259438848003607
0.0020527729901838004
0.003081527616835544
0.004113519495503923
0.005150385056286797
0.0061940724324078544
0.007246776902719664
0.008310847658483509
0.009388686999475161
0.01048265550264787
0.011594988251943272
0.01272772096275481
0.013882621519702936
0.015061121417389264
0.01626424177510766
0.01749250923293048
0.018745857730847797
0.020023512858529553
0.02132385616858329
0.02264426777601783
0.023980946967799774
0.025328712772444133
0.026680789814775396
0.0280285897414027
0.029361505374302065
0.030666743622230822
0.03192923343593398
0.03313165516974229
0.0342546445628118
0.03527722370578939
0.036177497605382185
0.03693362446763417
0.03752502063777022
0.037933703656127284
0.03814562253293535
0.038151791336318915
0.03794904716047622
0.03754030310464804
0.03693425181727477
0.03614457220468826
0.0351887732647887
0.03408685393009062
0.03285995971939022
0.03152918320986086
0.030114601571731806
0.028634587759592874
0.02710538558404452
0.02554090921018639
0.023952714736056476
0.022350091401179602
0.020740227588991984
0.019128417730819313
0.01751828761794223
0.01591202585575379
0.014310617567891811
0.012714082455247109
0.01112172215664907
0.009532380276298312
0.007944711474435432
0.006357444173699995
0.004769608123516954
0.0031806895214473233
0.0015906795087531024
0.0
0.0
0.0010289978033140561
0.0020593817339776737
0.0030926355980783137
0.004130417058994231
0.005174597696369936
0.006227262877745975
0.007290677112092688
0.008367226156637892
0.009459347801080164
0.010569460309665001
0.011699893157257573
0.012852820733496235
0.014030196952733847
0.015233687223635004
0.016464593633696394
0.01772376907577506
0.01901151610655087
0.020327466454305727
0.02167043729931405
0.023038260858948976
0.02442758466508076
0.025833641585199404
0.027249991627014754
0.028668242550668455
0.03007776407704237
0.031465421703068035
0.032815370956437495
0.03410897017167018
0.03532488607917123
0.03643947511928946
0.03742751519575633
0.03826332823089715
0.03892226899752068
0.039382466824060686
0.039626614699795254
0.03964353662886537
0.03942925958298876
0.03898738552781507
0.03832868909722915
0.0374700197121632
0.03643271551533162
0.03524080344115832
0.03391925345215317
0.032492490416140066
0.03098327494647962
0.029411976006459634
0.027796193720515807
0.02615065708449781
0.02448731369519292
0.02281553787416244
0.02114240041782031
0.019472961157168647
0.017810561092543312
0.016157102848741722
0.014513316490995415
0.01287901259766506
0.011253326014742781
0.009634951908307498
0.008022370826164475
0.006414052586766313
0.004808622282775314
0.0032049688053410468
0.0016022800246021454
0.0
0.0
0.001030700848185874
0.002063182969364744
0.0030992921610587007
0.004140990758707901
0.005190388089112734
0.006249745802200072
0.007321459930778048
0.008408025135768504
0.009511987712705396
0.010635892933258007
0.011782230118952589
0.012953376445342828
0.014151538459282017
0.01537868886026769
0.016636495170900177
0.017926236313565814
0.01924870264260132
0.020604074543851214
0.021991774284167726
0.02341028545010806
0.024856934260520307
0.02632762764960759
0.02781654492435256
0.029315783977667816
0.030814970868789975
0.03230085477820912
0.03375693051159839
0.03516315825904714
0.036495882398619145
0.03772807924640041
0.038830072160385296
0.039770821030272546
0.04051980575245587
0.041049381380947714
0.04133731693493302
0.04136909830417371
0.04113954247930175
0.04065337212231105
0.03992461885829086
0.038974989430641906
0.03783154750906033
0.03652416463006164
0.03508315950839028
0.033537412762133345
0.03191307815898127
0.030232869686937034
0.02851581662339414
0.026777347809014054
0.02502957529757821
0.02328167614886834
0.02154030370761171
0.019809987733760432
0.018093503367859844
0.01639220242830055
0.014706308368646866
0.013035179805716434
0.011377547921431004
0.009731730996627736
0.008095825600111163
0.006467869593069337
0.004845968620357854
0.0032283768380036823
0.0016135255232720108
0.0
0.0
0.001030645668517227
0.002063398610313286
0.0031004113314728127
0.004143919227560634
0.0051962649070158625
0.006259906384307237
0.0073374094201780924
0.00843142655729391
0.009544666395381863
0.01067985641255783
0.011839701558463641
0.013026839401579624
0.01424379118097709
0.015492906876223848
0.016776301384693184
0.018095777999344382
0.01945273449496508
0.02084804615245241
0.02228191891645256
0.023753704597908792
0.025261668718471367
0.026802700558837562
0.028371954857383936
0.029962416588440965
0.03156438632764951
0.033164896947573484
0.03474709683351366
0.03628967444326812
0.03776645467809886
0.039146361192007775
0.040393987147875156
0.0414710101205836
0.042338580636706286
0.0429605887986583
0.04330740840345162
0.04335944043951163
0.04310966726454221
0.042564579964206366
0.041743234204114105
0.04067468080784613
0.03939440974109982
0.03794059679417988
0.03635083107911973
0.034659723492175984
0.032897491043626596
0.03108938691789796
0.029255740078141256
0.02741236168368964
0.02557112428910257
0.02374058379609799
0.02192657011338053
0.02013271241963498
0.018360889594064136
0.016611609668664973
0.014884327994888135
0.013177715114202607
0.01148988394315965
0.009818582991026283
0.008161358768079038
0.00651568713084865
0.0048790709294518906
0.0032491007966065854
0.0016234777216226168
0.0
0.0
0.001028499212415156
0.002059383707858757
0.0030950729836330165
0.004138050233285458
0.0051908833561985866
0.006256235404754276
0.007336864164220201
0.00843561198210251
0.009555387717216632
0.010699142712152106
0.01186984215233241
0.013070432291533766
0.01430380300575264
0.015572744107834295
0.016879892840083704
0.018227668909325565
0.019618192238620207
0.021053177159959763
0.02253379493900141
0.02406049420417114
0.025632766010377877
0.027248837016239612
0.028905271033747338
0.03059645711017804
0.0323139636077585
0.03404574674257823
0.03577522591049051
0.037480287075344405
0.03913235987943303
0.0406958349306708
0.04212821909457951
0.043381499408101154
0.04440509573429279
0.04515044286833831
0.04557667867814077
0.04565631982290964
0.045379491628640266
0.04475549335528333
0.043811219801167256
0.04258691929316593
0.04113050762522865
0.0394918718386141
0.03771828242186452
0.03585143718553812
0.033926095777753996
0.031969924367595014
0.03000407960675435
0.028044133929847864
0.02610107583568465
0.02418223981203982
0.022292105164518104
0.02043295212451289
0.01860538755137221
0.01680876145840719
0.015041496585780799
0.013301350529385626
0.011585625764612325
0.009891338422275195
0.008215352511914107
0.006554482898759845
0.004905568125045971
0.0032655134329231898
0.0016313051821754709
0.0
0.0
0.0010239794454755845
0.002050586267156395
0.0030824761438865795
0.004122358347530221
0.005173015568985948
0.006237316776149047
0.007318222660979263
0.008418784127997252
0.00954213481355286
0.01069147873669474
0.01187007391101688
0.013081212194660716
0.014328194927487135
0.015614303065724621
0.016942759581732126
0.018316680795791594
0.019739011939374242
0.021212440457748623
0.022739278141063482
0.024321299882254583
0.025959522427839055
0.027653900677300888
0.029402911845958866
0.031202989615638804
0.03304776300484639
0.03492705252516259
0.0368255887836313
0.038721463932852335
0.04058443214146742
0.04237437064175453
0.04404049467015015
0.04552219464549297
0.04675241321512891
0.04766403618133291
0.048198741298995075
0.04831645161192872
0.048002679258066824
0.0472713013126734
0.046161773408856334
0.04473177606319246
0.04304775269382271
0.041176053769908155
0.039176540583689384
0.037099204631690745
0.03498332845438403
0.0328582701291235
0.03074500293307842
0.028657816814661195
0.02660587019767093
0.024594476162367138
0.02262611293749664
0.02070119395061483
0.018818645265021684
0.01697633593005703
0.0151713990774086
0.013400472913232238
0.011659882841800666
0.009945779361816356
0.008254241195793134
0.006581349326714354
0.004923235202231613
0.003276105282831653
0.001636244223419721
0.0
0.0
0.0010168420944458773
0.0020365242819284915
0.0030619122676076955
0.004095921062092607
0.005141535164551881
0.006201824207325512
0.007279953682176732
0.008379190943108595
0.009502907060621223
0.010654575228529823
0.011837766298135991
0.013056141674095459
0.014313443296931452
0.015613479783364135
0.016960106982611512
0.018357200169121582
0.019808613705463808
0.021318122078962765
0.022889333459543342
0.024525562946866305
0.026229646929174046
0.028003671756327935
0.029848578398742387
0.031763589159495884
0.03374538276438307
0.03578692251357603
0.037875826874036615
0.03999218469500975
0.042105806103405696
0.044173149873268716
0.04613466844106103
0.04791402032627246
0.04942114627435776
0.050560870282842896
0.0512469010985666
0.05141822984790077
0.05105257126220984
0.05017157522298852
0.048835606564174766
0.04713029565820495
0.04515013346091913
0.042984463841348276
0.0407088776937785
0.038382133286772716
0.03604694164974467
0.03373262060685345
0.03145816763682408
0.02923501037296786
0.027069194004461474
0.024963014649337423
0.02291619669772812
0.020926724938854786
0.018991426925414168
0.017106379240940373
0.015267191336111171
0.013469204625354397
0.011707632545404328
0.009977658572324879
0.008274503040406233
0.006593465432134121
0.004929946207429806
0.003279450912013974
0.0016375789774134809
0.0
0.0
0.0010068734143702236
0.0020167733466363233
0.0030327512758492534
0.004057907415781698
0.005095412312547582
0.006148525626002434
0.007220611867211198
0.008315153248640551
0.00943576008368968
0.01058617930275628
0.011770301621770934
0.012992167715563063
0.014255973427197522
0.015566073587358967
0.016926983397869768
0.018343375479929303
0.0198200694702003
0.021362009252582057
0.022974220205726297
0.02466173471114251
0.02642946781818717
0.028282015213473958
0.030223330739947162
0.0322562181817956
0.034381538724654735
0.036596988389894544
0.03889523904199909
0.04126117511016712
0.043667945572518484
0.0460717268602072
0.04840575455558526
0.050575635955756953
0.05245985485264666
0.05392014473538822
0.05482372460632715
0.05507301022381696
0.05463175942329508
0.05353556319700844
0.05188134735762357
0.04980122029285052
0.04743275542420015
0.044896749943825795
0.0422868471606425
0.03966902833235039
0.03708629778790157
0.03456464996888094
0.03211830629489042
0.02975366397413692
0.02747206112801945
0.025271638736530887
0.02314856733042465
0.021097844876198615
0.01911381152793962
0.017190479673686428
0.015321744191884295
0.013501515036326028
0.01172379906066785
0.009982747951712227
0.008272682580998222
0.006588099901756579
0.004923666001743021
0.003274197600013133
0.001634633801029364
0.0
0.0
0.0009938866768177135
0.0019909609151333835
0.002994435846937954
0.004007575070675876
0.00503371632599073
0.0060762936279599175
0.007138857820255923
0.008225095782219928
0.009338848749841129
0.010484130353799937
0.011665145025661525
0.012886307375625405
0.014152263005086204
0.015467910979555457
0.016838427826255685
0.018269292374761496
0.019766309913150214
0.021335632787631204
0.02298377239997851
0.024717594009103654
0.02654427992056079
0.02847123705884816
0.03050590908600402
0.032655427064889365
0.03492598951624819
0.03732179220695522
0.03984321547730337
0.042483807069050104
0.0452253760480139
0.04803033882102534
0.050830775466779235
0.05351572070031106
0.055923147029042136
0.05784815351720184
0.05907736022212079
0.059445126922779166
0.058888408407336286
0.05746959030232067
0.05535364703611878
0.052753280587321844
0.04987269625424103
0.04687320335488965
0.043865022360587085
0.0409152984715876
0.03806080824778854
0.03531890173923426
0.03269515578781056
0.030188280272415203
0.027793136295706306
0.025502550718599516
0.02330838906797014
0.021202178958177706
0.01917546356307972
0.017219994047165208
0.015327826556956838
0.013491363018533906
0.011703358955695428
0.009956911779991598
0.008245437078209286
0.00656263689145085
0.0049024619816811
0.0032590690874646023
0.0016267738313297236
0.0
0.0
0.0009777209813378912
0.0019587647570638855
0.0029464810220538287
0.003944272972309384
0.00495562339393659
0.005984120188712349
0.007033481489022538
0.008107580732278456
0.009210472266819938
0.010346418228524255
0.01151991755133576
0.01273573805591654
0.013998952602471667
0.015314980297001006
0.016689633693202845
0.01812917280036663
0.01964036641711719
0.02123056072261356
0.02290775391968154
0.024680673591347287
0.026558849506205153
0.02855266745617844
0.030673376730228564
0.03293300024267088
0.03534405329756565
0.03791889802155955
0.04066841518641662
0.04359940879238471
0.046709681323597534
0.04997892483516068
0.05335252590634042
0.056715576099846905
0.05986249573649078
0.06248759463469474
0.06423090632090432
0.06479022081585398
0.06404562536257878
0.06211637101103722
0.05930400062356713
0.05596780291722088
0.052412774792752484
0.04884378272086688
0.04537499818200122
0.04206027071853268
0.038919114982896755
0.035952903980924156
0.0331539768627811
0.030510563209221558
0.028009378626755337
0.025636953699971488
0.02338028086341779
0.021227097360440414
0.019165977075950753
0.01718632498507904
0.015278324802745005
0.013432866700234782
0.011641468843761025
0.00989619925433599
0.00818960051455273
0.006514617750876086
0.004864529321789795
0.003232879298354728
0.0016134108637759616
0.0
0.0
0.0009582414950955878
0.0019199140065925577
0.0028884771125421665
0.0038674474951754176
0.004860427511162507
0.005871133959506543
0.0069034273818640475
0.007961342419383143
0.009049119948821011
0.010171241919691647
0.011332470012223095
0.012537889439243676
0.013792959435685011
0.015103572231659996
0.016476122602091227
0.017917590433931242
0.019435639142423168
0.021038733162060032
0.022736278038866523
0.024538786645851476
0.02645807429053055
0.02850748307722078
0.030702129979829518
0.033059159876187294
0.03559795639041447
0.03834020306160029
0.041309559035972596
0.04453043782650708
0.04802477837221636
0.051804378824422
0.05585354391889062
0.060090948584287436
0.06429545145663353
0.06802337386990864
0.07063986892525582
0.07153555165941959
0.07045891870643693
0.06766081507544625
0.06374996257449293
0.0593605354845784
0.054935525984694505
0.0506953710382068
0.04672066979956217
0.04302636699177678
0.03959988671206136
0.036418483001268626
0.03345690451355205
0.03069062239782231
0.0280970509169296
0.025655871503376754
0.023348971607016492
0.0211602339917898
0.019075283756120904
0.017081239945753213
0.015166490132860685
0.013320493035376352
0.01153360825594905
0.009796949749971128
0.008102258856557657
0.006441792755029265
0.004808224607738008
0.003194552201723713
0.0015940124913349243
0.0
0.0
0.0009353405176909877
0.0018741916980793804
0.0028200944688767326
0.003776650480186156
0.004747553000335982
0.005736618599137643
0.006747820111880675
0.0077853215549910475
0.008853515869387442
0.009957066599492146
0.011100954880929553
0.0122905334226512
0.013531589552736542
0.014830419883799477
0.016193919786292168
0.017629691690476464
0.01914617733948027
0.02075282057333994
0.02246026914295805
0.02428062655308032
0.026227768124142507
0.028317739370218413
0.030569259160433116
0.033004353925498636
0.03564914928285749
0.03853483341537598
0.04169875986263997
0.045185516121296655
0.0490473839175322
0.05334249533682999
0.05812569698480832
0.06341780477942924
0.06910449379185976
0.07466132415655075
0.07890485593687928
0.08048512400783542
0.0787288931996123
0.07430874851971182
0.06857400060613293
0.06270742635824877
0.057232790019517574
0.05226372454616439
0.04777870226009503
0.04372214193885349
0.040035151340211454
0.03666466074202693
0.033565264875695146
0.030698761038676674
0.028033079138966892
0.025541177720645784
0.023200079453310662
0.02099007826317926
0.018894103554882122
0.016897214871892597
0.014986200386494657
0.013149256335309828
0.011375728825655795
0.009655903302947523
0.007980830146009225
0.006342177378739322
0.00473210346397129
0.003143144691419874
0.0015681128754051188
0.0
0.0
0.0009089389466067457
0.0018214379951536296
0.0027410890420766316
0.0036715479212079184
0.004616567290111891
0.005580030746199775
0.006565988792039722
0.007578697441923471
0.008622660474628868
0.00970267659616819
0.010823893094087373
0.01199186796387909
0.013212643002425311
0.014492831042548598
0.015839721416956946
0.017261408988873392
0.0187669538137633
0.020366580910974742
0.02207193303619352
0.023896394223297864
0.02585550892280215
0.02796753191013852
0.030254159496650106
0.03274151564772166
0.03546150156989551
0.03845367037616598
0.041767867743461536
0.0454679913207397
0.04963735089130374
0.05438612264694222
0.0598607071385244
0.06624957464914066
0.07376202171128926
0.08233545112763861
0.09022507643294103
0.09333307731548444
0.0900547498866539
0.08199416042591005
0.07324848768300904
0.06556186872766616
0.05899623978589869
0.05334162823068285
0.048408869250657405
0.044050846284856275
0.04015664287160744
0.0366421821792408
0.03344277044257862
0.030507734690395163
0.02779666133347357
0.025276753510415195
0.02292095430167712
0.020706594728384858
0.018614404712252123
0.01662777816968423
0.014732218317092885
0.012914912283987452
0.011164399445061741
0.00947030819664325
0.007823142947732339
0.006214107980453318
0.0046349582724234985
0.003077869824243317
0.0015353237945191233
0.0
0.0
0.0008789878347912093
0.0017615535271387585
0.0026513079259685907
0.003551928320001885
0.004467192842105486
0.0054010164117202835
0.006357488922266529
0.007340916548198361
0.00835586726199513
0.009407221924875149
0.010500232663949845
0.011640590700753775
0.012834506393499128
0.014088805059534653
0.015411043245144565
0.016809651638986255
0.018294112979887176
0.01987518638808813
0.021565194014087533
0.023378392483721554
0.025331461509397236
0.02744415720842078
0.02974020148904394
0.03224851726172571
0.035004982995668815
0.038054989654149676
0.0414572784852787
0.04528990271204553
0.049659870832359246
0.05471952424268412
0.06069595183149584
0.06794848663686484
0.07708143431885367
0.0892976042299767
0.10361229323442506
0.1089983554130709
0.1034482391624572
0.08896887500748242
0.07658678413388754
0.06728603768503254
0.0598631835496022
0.05371325917027507
0.04847625726325252
0.04392439431107946
0.039904611043093445
0.036309155133497584
0.033059200985215746
0.030095203895881033
0.027370935812673615
0.02484964486013422
0.022501495462439732
0.020301810414907247
0.018229831664430603
0.01626782603065608
0.014400425819772793
0.01261413263894543
0.010896936503566516
0.00923801747343815
0.007627506928734722
0.006056292174893198
0.004515852531122957
0.002998118134544704
0.0014953448305399708
0.0
0.0
0.0008454698133142882
0.001694502396116253
0.002550694263082714
0.0034177099429709293
0.004299317332490935
0.00519942477214027
0.006122120596407644
0.007071716069502694
0.008052792826822822
0.009070256213841459
0.010129396267507506
0.011235958550486208
0.012396227670195742
0.01361712715816963
0.014906340547337308
0.016272460108749717
0.017725172011177612
0.019275489978484276
0.020936054360136843
0.02272152073180329
0.02464907307205401
0.02673911352293979
0.029016207744340487
0.03151040912041447
0.034259160030070665
0.03731010030520681
0.04072535572744942
0.044588350043010906
0.049015156652761065
0.05417456814938665
0.06032646579869985
0.0679021653897243
0.07770957225719076
0.09144659854900422
0.10803586016680443
0.11436369243214653
0.10787869842365463
0.09113167418692125
0.07723568011569903
0.06726748923937996
0.0595285682451177
0.05321037731276478
0.04788094972422431
0.04327973382147994
0.03923724422946431
0.03563668951352178
0.03239389980325847
0.029445972223352598
0.02674445587610042
0.024251060111636687
0.021934842472657465
0.019770303299705097
0.017736056677710978
0.01581387928214419
0.013988013602160844
0.01224464623351122
0.010571508906409998
0.008957566850534872
0.007392770008821747
0.005867849797360886
0.004374148932496143
0.0029034751325685833
0.001447971758444038
0.0
0.0
0.0008084002139440135
0.0016203145345240703
0.0024392910561663837
0.00326894640177484
0.004113001402176598
0.004975318567037174
0.005859942102917547
0.006771141377478289
0.007713458919935215
0.00869176429875628
0.00971131554688975
0.010777830240507576
0.011897568920586367
0.013077434338028611
0.014325091091030674
0.01564911173905437
0.017059157617379785
0.0185662056387912
0.020182836818325917
0.02192360882779286
0.023805544768910353
0.02584878552344626
0.028077476867905245
0.030521000960827667
0.03321572561373327
0.0362075543288389
0.0395557556064651
0.043338914684599654
0.0476645656431285
0.052685556914874004
0.05862945327909071
0.06585601994547845
0.07496993905012025
0.08717432993750356
0.10148472394715922
0.10687412734114925
0.10133505426845159
0.08687441332755796
0.07451861780617963
0.06525154953915092
0.05786949284037039
0.05176715662436573
0.046584151084910236
0.04209226820566684
0.0381379947101484
0.034613107097227105
0.031438303106269126
0.028553566471102722
0.02591221183631963
0.023477051797702913
0.021217842775065488
0.01910953105966832
0.017131015870760918
0.01526425579941536
0.013493608792245962
0.011805334220595735
0.010187209384392482
0.008628227946295579
0.007118357652619823
0.005648341246696709
0.004209528903501802
0.0027937335392803036
0.001393102430618743
0.0
0.0
0.0007678277769790691
0.0015390871906184268
0.002317243565971425
0.003105830154272407
0.00390848349706732
0.0047289805496589085
0.005571278283438161
0.006439556607677248
0.007338265613124972
0.008272178352277958
0.009246450649650536
0.0102666898020905
0.011339034516653967
0.012470249088558694
0.01366783571169653
0.014940170036650515
0.01629666678841281
0.017747984637717776
0.019306282898694606
0.020985547473186504
0.022802010499231275
0.024774698500828862
0.026926159211360122
0.02928344035908428
0.03187942873971284
0.03475471106571048
0.037960197542362635
0.04156086115454199
0.04564107510707761
0.05031204243877607
0.05572112825007158
0.062057679345714746
0.06953175619321533
0.07808139078313073
0.08596227251173699
0.08907688964746484
0.08582067108177585
0.07779763749860898
0.06910474719750598
0.06148575134461292
0.05500204952434177
0.049443000893229366
0.04461866336996726
0.04038105872758365
0.036618349977556634
0.033245506108687005
0.030196869328911104
0.02742081430409223
0.0248760052905182
0.0225287686160512
0.020351227403274386
0.018319957439827828
0.016415002538344402
0.01461914086927112
0.012917328762684518
0.011296271568184729
0.009744086515176094
0.008250032834431644
0.006804291417978008
0.005397781118839115
0.004022002141956115
0.00266889931881656
0.0013307396958404578
0.0
0.0
0.00072383487278458
0.0014509854039614603
0.0021848001006164095
0.0029286936858374125
0.0036861815245688647
0.004460915691212362
0.005256723328853239
0.006077648042670521
0.006927995193000036
0.007812382113204219
0.008735794483662672
0.009703650359815344
0.010721873698957782
0.011796979684686907
0.012936174746828687
0.014147474968733796
0.015439847630067484
0.016823382038907538
0.01830949767116285
0.019911200083672226
0.021643398217701917
0.023523300598311186
0.0255709123197645
0.027809658560713026
0.03026716059865757
0.03297617843013748
0.03597568766577606
0.039311917402831416
0.043038775584094954
0.04721596703377422
0.05189981769809708
0.05711248934476727
0.06274083100487733
0.06826137013413039
0.07249139827796953
0.07408142398372165
0.07235841451775465
0.06799488202783117
0.06233979455348176
0.05657533148262417
0.05122442781324873
0.046399685657131984
0.04207838023149882
0.038203605535351425
0.03471505670556952
0.03155820273021914
0.028686165213595072
0.026059289600096444
0.023644103585925502
0.021412236112854918
0.019339470126748474
0.01740496129827599
0.015590608446484676
0.013880549523050952
0.012260757221182183
0.01071871210753009
0.00924313554167075
0.00782376851830775
0.006451185699012665
0.005116636327620785
0.0038119055613270053
0.0025291911195666535
0.0012609911584413973
0.0
0.0
0.0006765372029205831
0.0013562414077971023
0.0020423111140040885
0.002738008282468955
0.0034466912477298375
0.004171849088303712
0.004917138010078849
0.005686420357786156
0.0064838069474055056
0.007313703509853712
0.008180862156658359
0.009090438925750746
0.010048058645098171
0.011059888569007914
0.012132722500693492
0.01327407741460163
0.014492304920919246
0.01579672023459656
0.017197751529688988
0.018707112472838527
0.02033799990687314
0.022105316206673636
0.024025909924056035
0.02611881519708888
0.028405442135979998
0.03090961030083358
0.03365718939206664
0.03667483603772424
0.03998671673900727
0.04360678875902685
0.04752139169404224
0.05165105471860357
0.05577625585351618
0.05945465166594036
0.062052404782656674
0.06296078271497456
0.06192855833543992
0.05920647085222026
0.05540276218586226
0.05115077383858824
0.04689234540335162
0.042846484362109825
0.0390921336593086
0.03564240964730847
0.03248279196401847
0.029588528953831374
0.026932353589583888
0.024487757093339415
0.022230248394806123
0.020137709275645493
0.018190356209869977
0.01637054465818801
0.01466252356347017
0.013052187681448973
0.01152684710152159
0.010075020155765512
0.008686249994055349
0.0073509426399148365
0.006060223504222645
0.00480580923078654
0.003579891946844186
0.002375033286186089
0.0011840658471214192
0.0
0.0
0.0006260829789175385
0.001255152959903983
0.0018902266292681765
0.0025343804421792075
0.0031907815155476425
0.003862719751720544
0.004553641636718357
0.005267186183365913
0.006007223520196829
0.0067778966591666556
0.007583667005535414
0.008429364196278114
0.009320240860000132
0.010262032866288464
0.011261025549509692
0.012324126205890839
0.013458942794169792
0.01467386808038633
0.015978167211470228
0.017382064444477683
0.018896820717661203
0.02053478651364872
0.02230940145537239
0.0242350885408758
0.026326948041291688
0.02860007741824197
0.031068198724517222
0.03374100915647111
0.036619193637029215
0.03968524630110613
0.04288720138506366
0.046112568311899235
0.04915788245656553
0.051719199191345516
0.05343787162646169
0.054012540666709755
0.05332364952908255
0.051490302391224874
0.04881340327708479
0.045651139063842716
0.04230698692920987
0.038983934080057174
0.035793981123071694
0.0327885886379394
0.02998473932170987
0.02738120418021853
0.02496771792573654
0.02272996301963456
0.02065221541733721
0.018718713053615426
0.01691433130400629
0.015224883849625196
0.01363722246702331
0.012139230583664253
0.010719762545194633
0.009368556994336107
0.008076139740633382
0.006833724254284383
0.005633113867131765
0.004466607496722443
0.0033269094434108365
0.0022070431091331384
0.0011002681036440744
0.0
0.0
0.0005726516033873277
0.0011480806573313128
0.0017290920856057339
0.0023185460848550274
0.002919386577954203
0.0035346706491696414
0.004167599288262102
0.004821549765059935
0.00550010994141957
0.006207114797517177
0.006946685394746658
0.00772327040431189
0.008541690178123536
0.009407183095142201
0.010325453532732513
0.01130272021172049
0.012345762722779858
0.013461962562463344
0.0146593326670026
0.015946525700307808
0.01733280534997897
0.01882795514649109
0.02044208340208325
0.0221852567120617
0.02406685145907238
0.0260944425661792
0.02827193672599497
0.030596488198626117
0.033053513796803206
0.03560895010746878
0.03819821429040774
0.040713396897954814
0.042995149199040406
0.04484078381422416
0.04603859413235905
0.04642401604348342
0.04593444816922018
0.04463207705938742
0.04268104972150166
0.04029265110405072
0.03766914005109273
0.03496942753058603
0.032300973581727024
0.029727897485536937
0.027283782320834168
0.02498271138399164
0.022827007982042267
0.020812217203250626
0.01893018655098042
0.01717092874742565
0.015523728528852273
0.013977786108828282
0.012522577956763242
0.011148045334198352
0.009844678019693787
0.008603534490928499
0.00741622390689612
0.006274865488886254
0.005172034892534711
0.0041007034297023065
0.0030541736591465514
0.002026013388765431
0.001009989197946518
0.0
0.0
0.0005164518988097501
0.0010354443321360393
0.0015595427706219533
0.0020913628085501724
0.0026335958491131265
0.003189035522498273
0.0037606050515428856
0.004351385746021272
0.004964646752952548
0.005603876107076221
0.006272812999043501
0.006975480989044308
0.00771622161172347
0.008499727402199724
0.00933107276056006
0.010215740170548647
0.011159637957572521
0.012169103799486923
0.01325088526683849
0.014412084270590009
0.015660045674443283
0.017002160332211958
0.01844553772652892
0.01999648078947546
0.021659662281793713
0.02343685532265954
0.025325010555862077
0.027313411865402558
0.029379631126928492
0.03148417998139323
0.03356442034101857
0.03552975099735748
0.03726198820228584
0.03862562372069073
0.039489961985044585
0.039758756010912596
0.03939630622807688
0.03843793742488386
0.03697951973402464
0.03515136771751422
0.033088602338135216
0.030909011645345947
0.028702790496048618
0.026532157655230513
0.024436166747734172
0.022436793154312285
0.020544279439345278
0.018761177549848643
0.017085189741080125
0.015511087675651144
0.014031977707882348
0.012640119783783831
0.011327447272689752
0.010085888254292949
0.008907555574264854
0.007784850380670664
0.00671050876573843
0.00567761113969124
0.0046795673441799995
0.003710086119679303
0.002763134614812834
0.0018328916709461197
0.0009136973110833792
0.0
0.0
0.0004577199436555035
0.0009177186539678174
0.0013822970437089165
0.0018538004988206068
0.002334641557721808
0.0028273230933352827
0.003334462112887133
0.003858814235109453
0.004403298820936535
0.004971024610480225
0.005565315539513562
0.006189736149657979
0.00684811563523386
0.007544569040074251
0.00828351336400789
0.00906967526805477
0.009908085546961088
0.01080405337856506
0.01176311029371242
0.012790909462579787
0.013893059749856706
0.015074865383529935
0.01634093022478359
0.017694569821594307
0.01913695468788581
0.02066588689542135
0.02227409740906684
0.02394696546354594
0.025659651646392806
0.027373887955795262
0.02903517058633103
0.030571811911440244
0.031897856550381215
0.032921532527197615
0.03355912335499298
0.0337512662764961
0.0334763318976277
0.032755616942603795
0.031648149646628695
0.030237308255626767
0.028614520889053346
0.02686539151181192
0.02506124676431269
0.023256217793837894
0.021488186051812616
0.019781588136317304
0.01815062317242084
0.016602116932578626
0.015137799377090928
0.013756003891815026
0.012452886860082408
0.011223280066620144
0.010061273768552195
0.008960606908478988
0.007914921199702375
0.0069179200061532335
0.0059634610819879865
0.00504560363069345
0.0041586240066129624
0.003297010045639769
0.002455440964805278
0.0016287576398179163
0.0008119265911910473
0.0
0.0
0.00039671658344096023
0.000795428080889462
0.0011981485784799523
0.0016069306262053327
0.002023884756163591
0.002451199307088081
0.0028911605896673642
0.0033461733578344405
0.0038187814490334357
0.00431168830898468
0.004827776906301308
0.005370128245520276
0.005942037270883541
0.006547024372767326
0.007188839903218136
0.00787145799464022
0.00859905444692962
0.009375961359890952
0.010206588357128458
0.01109529645461967
0.01204620563344926
0.01306291078742975
0.014148072939535999
0.015302844017962346
0.016526075904788523
0.017813262469391227
0.01915517653192306
0.020536210168328906
0.021932534404462828
0.023310392205285215
0.0246251233545499
0.025821797943808407
0.026838387315789514
0.02761195978447991
0.028087359303916194
0.028226527231206156
0.028015764200191695
0.0274684808666505
0.02662244554274644
0.025532520688979404
0.024261339487932226
0.022870625467081046
0.021414995006586304
0.019938784538559226
0.01847541509041901
0.017048365298090475
0.015672876136403807
0.01435778873247028
0.013107201311969146
0.011921829181314458
0.01080005927944964
0.009738737294142655
0.008733738566378314
0.007780372002030917
0.006873658629920537
0.006008517841806831
0.005179886575134165
0.004382790316015867
0.003612379816186954
0.00286394364081712
0.0021329038580237066
0.0014148001287054616
0.0007052659789755017
0.0
0.0
0.0003337246861892705
0.0006691413028256286
0.0010079578548476467
0.001351914566574207
0.0017028001533259316
0.0020624682462374797
0.0024328539473660654
0.002815990417480984
0.003214025290194555
0.003629236551246609
0.004064047304171213
0.004521038540835923
0.00500295861756482
0.005512727565413894
0.0060534335857422095
0.006628318035044523
0.007240743807163516
0.00789414018511682
0.008591914863550628
0.009337320858992328
0.010133262417687755
0.010982019952898155
0.011884869997696645
0.01284157333039322
0.01384970523702061
0.014903810778639372
0.01599439231038423
0.01710678676060665
0.01822007682024894
0.019306304215498886
0.0203303886590021
0.02125123335923806
0.022024411813735132
0.022606494636035538
0.022960512773791106
0.0230614578471301
0.022900402195503305
0.02248603034431584
0.021843106163586368
0.021008351433580173
0.020024944092681265
0.018937053564643883
0.017785512419626736
0.016605127992816975
0.015423575189061609
0.014261475722856035
0.013133182885432583
0.012047868211064327
0.011010641832801973
0.010023562336617598
0.009086478560688943
0.00819769604431589
0.007354485207053714
0.006553457239831988
0.005790834496329227
0.005062639345030729
0.004364821400196395
0.0036933389791888255
0.0030442070381262094
0.0024135208724014308
0.0017974625247406538
0.0011922950472620217
0.0005943484248275683
0.0
0.0
0.0002690462083325949
0.0005394653140255181
0.000812643116399624
0.00108999125338145
0.0013729601937901286
0.001663052277167179
0.0019618347453314944
0.0022709526381215006
0.0025921413222990105
0.002927238276555791
0.0032781935524328763
0.0036470780514922508
0.004036088378321082
0.004447546515284273
0.004883891879529779
0.005347662420039512
0.005841460243093211
0.00636789577255327
0.006929502630624911
0.007528613289478594
0.008167183225399341
0.008846549139234956
0.009567105482751536
0.010327884331367167
0.011126028732022921
0.011956162331600127
0.012809682711984283
0.013674046730600168
0.014532174406920763
0.015362165670288058
0.016137578203233287
0.016828514320114972
0.017403665263671184
0.017833241886743484
0.01809241894615774
0.018164642554659688
0.01804403557161498
0.01773627894825752
0.017257729265975956
0.01663301221818508
0.015891714008554703
0.01506493587249362
0.014182362162195126
0.013270214752637703
0.012350164783450118
0.011439053333663315
0.01054917306632738
0.009688862582585046
0.008863219140524401
0.008074803165870536
0.0073242662203216865
0.0066108749634790865
0.005932928263013083
0.005288077283237774
0.00467356347069234
0.004086390158082712
0.0035234421880836384
0.002981565798228389
0.002457618701538981
0.0019484981806321003
0.0014511532191457204
0.0009625852509376707
0.0004798409927398901
0.0
0.0
0.00020299912942605683
0.00040703923419428494
0.0006131709799890381
0.0008224644253592198
0.001036018736765803
0.0012549718915097579
0.0014805103030107703
0.0017138782417582214
0.0019563868375309093
0.002209422325503517
0.0024744530290676317
0.002753034340590072
0.0030468106489543972
0.0033575127464330417
0.003686948700314962
0.004036985467965823
0.004409517641462069
0.00480641861540017
0.005229468194014836
0.005680249265892637
0.006160004859666325
0.006669446019344001
0.007208501158435864
0.007775999932642252
0.00836929077997426
0.008983803134546359
0.009612584968228992
0.010245874681268313
0.010870801185159158
0.01147133919169593
0.012028662680545421
0.012522017529482905
0.012930157052011714
0.013233251512007634
0.013415023096537797
0.0134647272623566
0.0133785627441858
0.013160182676511051
0.012820182624366785
0.012374689719004867
0.011843380437730519
0.011247344730118198
0.010607175564398517
0.009941532400825404
0.009266267508727145
0.008594071367012752
0.007934516146438902
0.007294354281566086
0.0066779450965246965
0.00608771561716497
0.005524596522320019
0.004988402552116443
0.004478146338002902
0.003992286476066874
0.0035289167749120664
0.0030859059920473556
0.00266099759736996
0.002251878234524741
0.0018562222467983635
0.0014717182624117895
0.0010960825798936502
0.0007270630348864467
0.0003624361840054132
0.0
0.0
0.00013591430351558487
0.00027252797534047175
0.0004105468465253909
0.0005506896746863462
0.0006936946013359784
0.0008403255768963644
0.0009913786977803446
0.0011476883555212993
0.0013101330344704378
0.0014796405060174974
0.0016571920456539954
0.0018438251342950645
0.0020406338845032814
0.0022487661407161108
0.0024694158238404472
0.002703808608710714
0.002953178426735888
0.0032187315771979724
0.003501594437519187
0.003802739963451945
0.004122887526985963
0.004462370447543165
0.004820966314734876
0.005197687599868973
0.0055905350619824224
0.005996225115763896
0.006409915374813973
0.0068249696652548245
0.007232822407184326
0.007623016728060868
0.007983492252175574
0.008301177549311776
0.008562892914799312
0.00875649543996244
0.008872117496177393
0.008903289674237386
0.00884772801528202
0.008707617250567243
0.008489326991838183
0.00820262392459441
0.007859548280793304
0.007473174748099969
0.007056466766679806
0.006621373082138321
0.0061782345863764755
0.005735495763713087
0.005299665747405582
0.004875453029237936
0.004465999443484743
0.004073153511763852
0.0036977418365098285
0.0033398143113337435
0.002998851961951205
0.002673934892824999
0.0023638728239006135
0.0020673031024438615
0.0017827618208936444
0.0015087334846553369
0.0012436840386296129
0.0009860812737659589
0.0007344058588899298
0.00048715555847958584
0.00024284463499971295
0.0
0.0
6.813226311332466e-05
0.0001366158260505406
0.0002058052199095528
0.00027606143667367283
0.0003477551509321139
0.00042126991786454955
0.0004970053159715945
0.0005753799797101998
0.0006568344339379214
0.0007418335957839361
0.0008308687461916378
0.0009244586877826088
0.0010231496916168915
0.0011275136856380664
0.0012381439444278002
0.0013556472965170635
0.0014806315684216585
0.0016136866382116303
0.001755357095818338
0.0019061041501659663
0.0020662541775523006
0.002235931332271367
0.002414972191354637
0.00260282183641871
0.0027984135234087708
0.0030000385732361612
0.003205219509920232
0.003410607350292997
0.0036119318451706176
0.003804038610571923
0.003981045651983989
0.00413664007575177
0.004264512237743506
0.004358891922122755
0.004415117288299388
0.004430143773895144
0.004402897717164971
0.0043344030233379545
0.004227654211851217
0.004087262504471946
0.003918946626698462
0.0037289635556280554
0.003523572022752906
0.003308598029477091
0.0030891377778692187
0.0028694007612487756
0.0026526722146258345
0.0024413624154013026
0.002237108888456326
0.0020409027077627744
0.0018532179818874469
0.00167413148772937
0.0015034258101527364
0.0013406738273825719
0.0011853051302310247
0.0010366563952961534
0.0008940082849000822
0.0007566114759116629
0.0006237041782146246
0.0004945231527544252
0.00036830987253527573
0.00024431313639230686
0.00012178916623395069
0.0
0.0
0.0
0.0
0.0
0.0
0.0
0.0
0.0
0.0
0.0
0.0
0.0
0.0
0.0
0.0
0.0
0.0
0.0
0.0
0.0
0.0
0.0
0.0
0.0
0.0
0.0
0.0
0.0
0.0
0.0
0.0
0.0
0.0
0.0
0.0
0.0
0.0
0.0
0.0
0.0
0.0
0.0
0.0
0.0
0.0
0.0
0.0
0.0
0.0
0.0
0.0
0.0
0.0
0.0
0.0
0.0
0.0
0.0
0.0
0.0
0.0
0.0
0.0
0.0
0.0
