0.0
0.0
0.0
0.0
0.0
0.0
0.0
0.0
0.0
0.0
0.0
0.0
0.0
0.0
0.0
0.0
0.0
0.0
0.0
0.0
0.0
0.0
0.0
0.0
0.0
0.0
0.0
0.0
0.0
0.0
0.0
0.0
0.0
0.0
0.0
0.0
0.0
0.0
0.0
0.0
0.0
0.0
0.0
0.0
0.0
0.0
0.0
0.0
0.0
0.0
0.0
0.0
0.0
0.0
0.0
0.0
0.0
0.0
0.0
0.0
0.0
0.0
0.0
0.0
0.0
0.0
0.000314718842841533
0.0013081672447057512
0.0027233561567099438
0.004083923918731497
0.0049157931346043605
0.005084639751831508
0.004675094199759929
0.004158385691653911
0.0032376084932267805
0.002241089004145159
0.0011268025856794347
0.0002532549591509813
0.0
0.0
0.0
0.0
0.0
0.0
0.0
0.0
0.0
0.0
0.0
0.0
0.0
0.0
0.0
0.0
0.0
0.0
0.0
0.0
0.0012718098989244666
0.014748082322683324
0.032038747470158724
0.046199537023426517
0.056156870702007256
0.06220714977331957
0.06325899939772421
0.06002308146838222
0.04252095048918835
0.030525302037414572
0.012009333083211799
0.0012723328193603002
0.0
0.0
0.0
0.0
0.0
0.0
0.0
0.0
0.0
0.0
0.0
0.0
0.0
0.0
0.0
0.0
0.0
0.0
0.0
0.0
0.002544571901396068
0.03030997492730799
0.1331336045463928
0.22709120847892045
0.291566594764954
0.32801198187759867
0.4220870962049575
0.30174138197880696
0.2556057179520157
0.16110332701436475
0.03980458401470991
0.0033247388416809825
0.0
0.0
0.0
0.0
0.0
0.0
0.0
0.0
0.0
0.0
0.0
0.0
0.0
0.0
0.0
0.0
0.0
0.0
0.0
0.0
0.0036831249534729623
0.041749240443974
0.20396889383764488
0.18562169483049965
0.24872823207681485
0.23711080608227272
0.23961249415902938
0.33251887135845226
0.2172570486365797
0.2753055009783541
0.06838157148703988
0.004901101533190156
0.0
0.0
0.0
0.0
0.0
0.0
0.0
0.0
0.0
0.0
0.0
0.0
0.0
0.0
0.0
0.0
0.0
0.0
0.0
0.0
0.0043498168092144405
0.04966961924869143
0.41715146857242974
0.21333697098973248
0.1725248605114416
0.153249968439574
0.1625919898108076
0.19528909843117867
0.2847541171982657
0.36925826935212136
0.0875517132660748
0.005769581895753671
0.0
0.0
0.0
0.0
0.0
0.0
0.0
0.0
0.0
0.0
0.0
0.0
0.0
0.0
0.0
0.0
0.0
0.0
0.0
0.0
0.004463226245329338
0.054567944813789494
0.27106842563694683
0.21146528615575388
0.14434255929510942
0.09783632923046251
0.1417314034001834
0.1901913827541299
0.30916035146872767
0.4046633380738343
0.09242725058564297
0.006064035083584559
0.0
0.0
0.0
0.0
0.0
0.0
0.0
0.0
0.0
0.0
0.0
0.0
0.0
0.0
0.0
0.0
0.0
0.0
0.0
0.0
0.004100461975913007
0.05543519614472478
0.4187747180080318
0.6541428816865427
0.15951730570571607
0.10281200503204199
0.11376650749654017
0.19023589001799676
0.3733097201815612
0.40579357813877465
0.08903241942720899
0.0050638678616102125
0.0
0.0
0.0
0.0
0.0
0.0
0.0
0.0
0.0
0.0
0.0
0.0
0.0
0.0
0.0
0.0
0.0
0.0
0.0
0.0
0.003671844137775353
0.05295032910420373
0.26224142935818484
0.209449569430421
0.17179476578012992
0.17159390860018914
0.29082767119054415
0.2182517369608132
0.275551057769511
0.3732376620074353
0.06968434334956027
0.003489442600808866
0.0
0.0
0.0
0.0
0.0
0.0
0.0
0.0
0.0
0.0
0.0
0.0
0.0
0.0
0.0
0.0
0.0
0.0
0.0
0.0
0.002896193164093748
0.03814015532587145
0.20268507342450867
0.214733533048713
0.25453527577437224
0.2387760348212573
0.371347883452936
0.4007539434789911
0.30115371879574626
0.260273266368476
0.047069837041092015
0.0021946038191108467
0.0
0.0
0.0
0.0
0.0
0.0
0.0
0.0
0.0
0.0
0.0
0.0
0.0
0.0
0.0
0.0
0.0
0.0
0.0
0.0
0.0020255230674415324
0.027619562150719357
0.1444054589760489
0.2375609213863521
0.41050361645727873
0.3284955614129426
0.3295626203152448
0.30958920311907656
0.24626141110544347
0.2637260480354875
0.03758375312224176
0.0017836569760182992
0.0
0.0
0.0
0.0
0.0
0.0
0.0
0.0
0.0
0.0
0.0
0.0
0.0
0.0
0.0
0.0
0.0
0.0
0.0
0.0
0.0010207346533397284
0.010875335077646313
0.03567083883900316
0.05961135052474152
0.07403612023629431
0.07716550328354112
0.07450061506774364
0.05931821780479627
0.04132084212149664
0.03517638529668507
0.018204096338944906
0.0010260280125099555
0.0
0.0
0.0
0.0
0.0
0.0
0.0
0.0
0.0
0.0
0.0
0.0
0.0
0.0
0.0
0.0
0.0
0.0
0.0
0.0
0.00022947778914719715
0.001144601484748278
0.0029249416882399073
0.004204618917925796
0.004896571542937678
0.0050861995418002015
0.0042368254281541775
0.002963830505251461
0.0019251513470089673
0.0016746172033245117
0.0009958080163776505
0.0004378437780379165
0.0
0.0
0.0
0.0
0.0
0.0
0.0
0.0
0.0
0.0
0.0
0.0
0.0
0.0
0.0
0.0
0.0
0.0
0.0
0.0
0.0
0.0
0.0
0.0
0.0
0.0
0.0
0.0
0.0
0.0
0.0
0.0
0.0
0.0
0.0
0.0
0.0
0.0
0.0
0.0
0.0
0.0
0.0
0.0
0.0
0.0
0.0
0.0
0.0
0.0
0.0
0.0
0.0
0.0
0.0
0.0
0.0
0.0
0.0
0.0
0.0
0.0
0.0
0.0
0.0
0.0
0.0
0.0
0.0
0.0
0.0
0.0
0.0
0.0
0.0
0.0
0.0
0.0
0.0
0.0
0.0
0.0
0.0
0.0
0.0
0.0
0.0
0.0
0.0
0.0
0.0
0.0
0.0
0.0
0.0
0.0
0.0
0.0
0.0
0.0
0.0
0.0
0.0
0.0
0.0
0.0
0.0
0.0
0.0
0.0
0.0
0.0
0.0
0.0
0.0
0.0
0.0
0.0
0.0
0.0
0.0
0.0
0.0
0.0
0.0
0.0
0.0
0.0
0.0
0.0
0.0
0.0
0.0
0.0
0.0
0.0
0.0
0.0
0.0
0.0
0.0
0.0
0.0
0.0
0.0
0.0
0.0
0.0
0.0
0.0
0.0
0.0
0.0
0.0
0.0
0.0
0.0
0.0
0.0
0.0
0.0
0.0
0.0
0.0
7.953548217404409e-05
0.0009139138060091412
0.0017801906714868159
0.003010832744406557
0.0042040691322956045
0.0049399436258907425
0.004931469625792132
0.0041755509017675834
0.0030016556547854106
0.0018294714936929817
0.0009919158142385007
8.65126525806724e-05
0.0
0.0
0.0
0.0
0.0
0.0
0.0
0.0
0.0
0.0
0.0
0.0
0.0
0.0
0.0
0.0
0.0
0.0
0.0
0.0
0.0009119440689532868
0.010518559037871713
0.03422976679464685
0.07098279033935659
0.09009234587483761
0.09690145217983824
0.09683846762586962
0.08944187222534729
0.06996422214846251
0.03664737165596793
0.011448058471029497
0.000995203010183133
0.0
0.0
0.0
0.0
0.0
0.0
0.0
0.0
0.0
0.0
0.0
0.0
0.0
0.0
0.0
0.0
0.0
0.0
0.0
0.0
0.0016809018951819456
0.03369192949484706
0.23926434780585107
0.519299386971915
0.2978206987569763
0.32210191768509494
0.43795360038729775
0.29567046157122573
0.2292521412873713
0.15273570558493602
0.037549598438426805
0.0019944980769541773
0.0
0.0
0.0
0.0
0.0
0.0
0.0
0.0
0.0
0.0
0.0
0.0
0.0
0.0
0.0
0.0
0.0
0.0
0.0
0.0
0.0027308312306098654
0.06419735305443568
0.38064871954931784
0.18811117543451328
0.2558648050084985
0.24214257606671946
0.24283545658109723
0.23112762293607866
0.21831060684542022
0.5445788502698818
0.08112365663004793
0.003462483297132189
0.0
0.0
0.0
0.0
0.0
0.0
0.0
0.0
0.0
0.0
0.0
0.0
0.0
0.0
0.0
0.0
0.0
0.0
0.0
0.0
0.003715978464912787
0.07952617110008182
0.2589839505242805
0.20451522829575058
0.158339343536773
0.15379121859112535
0.16105053562134192
0.1875000476981676
0.3463792450214819
0.3616804453728405
0.10663648587220351
0.004968190141197938
0.0
0.0
0.0
0.0
0.0
0.0
0.0
0.0
0.0
0.0
0.0
0.0
0.0
0.0
0.0
0.0
0.0
0.0
0.0
0.0
0.0043336272503613875
0.08487053328096376
0.2770147926163522
0.21566039771850168
0.14484800729221559
0.09789638599953049
0.12063881731237265
0.17508507345944632
0.2884701204401149
0.5769421002198611
0.11614305970440177
0.005904815451155216
0.0
0.0
0.0
0.0
0.0
0.0
0.0
0.0
0.0
0.0
0.0
0.0
0.0
0.0
0.0
0.0
0.0
0.0
0.0
0.0
0.0043258077499974314
0.0848115610255
0.27688262450931145
0.21557756630857114
0.22957265911749122
0.10566066687700218
0.1204176676430988
0.1751960202687344
0.2882974151490063
0.39750836212732316
0.11603695227634166
0.005891130198731026
0.0
0.0
0.0
0.0
0.0
0.0
0.0
0.0
0.0
0.0
0.0
0.0
0.0
0.0
0.0
0.0
0.0
0.0
0.0
0.0
0.0036885081167406636
0.07892418179763798
0.25668454773072263
0.20337108145086297
0.15973577173070114
0.15871012493824707
0.16501302987043479
0.1818967274603056
0.34811600419478633
0.35736112007088505
0.1055697964545481
0.004922305828373151
0.0
0.0
0.0
0.0
0.0
0.0
0.0
0.0
0.0
0.0
0.0
0.0
0.0
0.0
0.0
0.0
0.0
0.0
0.0
0.0
0.0026902757249982405
0.06303254617623393
0.20439810811050782
0.21634444380810214
0.33927702375111235
0.7513403580266931
0.27011895308100564
0.2349763151737604
0.21475091779654157
0.26240667102144577
0.0792639753026676
0.0033969479320702387
0.0
0.0
0.0
0.0
0.0
0.0
0.0
0.0
0.0
0.0
0.0
0.0
0.0
0.0
0.0
0.0
0.0
0.0
0.0
0.0
0.0016529938418375753
0.03318500232210259
0.13701647495268587
0.23250650069623202
0.29798520387626226
0.32228723189127223
0.322205184661911
0.29579411690057916
0.4008734527402026
0.16785061632901568
0.0366781053330447
0.001948272060102089
0.0
0.0
0.0
0.0
0.0
0.0
0.0
0.0
0.0
0.0
0.0
0.0
0.0
0.0
0.0
0.0
0.0
0.0
0.0
0.0
0.0008987322416531483
0.010368584417642214
0.03382292031102143
0.07095359498393033
0.09009464089333034
0.09690461361965168
0.09684154908927341
0.08944347034191656
0.06990595441026855
0.03592706638239072
0.011187023044509865
0.0009722596365017806
0.0
0.0
0.0
0.0
0.0
0.0
0.0
0.0
0.0
0.0
0.0
0.0
0.0
0.0
0.0
0.0
0.0
0.0
0.0
0.0
8.168118451035657e-05
0.000901052109389804
0.0017694499798608613
0.0030062078710509973
0.0042038520868766084
0.004939872240763486
0.004931398538193185
0.004175204414215864
0.002992953736650045
0.0018097554350292606
0.0009695077021751152
8.452089616927756e-05
0.0
0.0
0.0
0.0
0.0
0.0
0.0
0.0
0.0
0.0
0.0
0.0
0.0
0.0
0.0
0.0
0.0
0.0
0.0
0.0
0.0
0.0
0.0
0.0
0.0
0.0
0.0
0.0
0.0
0.0
0.0
0.0
0.0
0.0
0.0
0.0
0.0
0.0
0.0
0.0
0.0
0.0
0.0
0.0
0.0
0.0
0.0
0.0
0.0
0.0
0.0
0.0
0.0
0.0
0.0
0.0
0.0
0.0
0.0
0.0
0.0
0.0
0.0
0.0
0.0
0.0
