0.021018262699742427
0.021018262699742427
0.021018262699742427
0.021018262699742427
0.021018262699742427
0.021018262699742427
0.021018262699742427
0.021018262699742427
0.021018262699742427
0.01814930179188891
0.009719309197904709
0.00709052040148313
0.006638906423069911
0.006549757995030241
0.006549409211689661
0.006549409211689661
0.0065475810807846336
0.0065412417429053325
0.006540569960304658
0.006540569960304658
0.006540587148064176
0.006540587148064176
0.006540586179047778
0.006540586179047778
0.00654058791828104
0.00654058791828104
0.00654058791828104
0.006540588517513834
