0.0
0.0
0.0
0.0005888024692727421
0.008583623201648783
0.04273754471686456
0.04368921156359166
0.042438603569443206
0.006937346581891335
0.001067034124077372
0.0
0.0
0.008839884252578228
0.1288687455133145
0.860093087426745
0.8792453827171757
0.8540768968349439
0.11073332584764324
0.24501038673997827
2.9234314220106445
2.921524835580399
0.37371764254521805
0.019466544806935375
0.04273754471687987
0.0436892115636073
0.042438603569458395
0.007018927227095284
0.007018927227095285
0.04236857133350776
0.042339845277027346
0.010555867284160346
0.0006045353436518427
0.0
0.0
0.0
0.0008685322143044573
0.009186530860216304
0.04225712824131781
0.06134317675272352
0.04184896432714402
0.007668940424245609
0.0015217924960004847
0.0
0.0
0.013039558501801109
0.13792039559099295
0.8504247058563683
1.2345314321484133
0.8422104070836741
0.12701440614228404
0.27123292755781453
2.8871484172407618
2.884829773288568
0.3641216631935763
0.024457289312713543
0.042257128241332945
0.06134317675274548
0.041848964327159004
0.007818471694107145
0.007818471694107147
0.04184273068466862
0.04180744648910831
0.010291498281552876
0.0007232463272559334
0.0
0.0
0.0
0.0009120984654158804
0.009126787082771759
0.04224038561166388
0.04309819574797372
0.041839463551712516
0.007683661165237127
0.001518876700882367
0.0
0.0
0.013693632893879355
0.13702344269934846
0.8500877604345829
0.8673511894278664
0.8420192039781151
0.12717149292074212
0.2717461990136453
2.886492314349111
2.884200696629224
0.36471542890264674
0.024537151387824144
0.042240385611679004
0.04309819574798915
0.04183946355172749
0.007832345455526045
0.00783234545552604
0.04183322194710846
0.04179836948018241
0.01030818960889438
0.0007243985982073047
0.0
0.0
0.0
0.0009097282549618364
0.009125446740461333
0.0422408692511211
0.04309846625474134
0.041839805971837306
0.007683524182472782
0.0015188467617687743
0.0
0.0
0.013658048148295866
0.13700331970139704
0.8500974936786596
0.8673566333765647
0.8420260951831265
0.12716918329500948
0.27174135077288397
2.8865161420602536
4.6034358771001
0.36470976336647076
0.024526625910427133
0.04224086925113622
0.04309846625475677
0.04183980597185229
0.007832205267255355
0.00783220526725535
0.04183356727625546
0.04179868889149849
0.010308021246524347
0.0007242649144193887
0.0
0.0
0.0
0.0009097282549618364
0.009125446740461333
0.0422408692511211
0.04309846625474134
0.041839805971837306
0.007683524182472782
0.0015188467617687743
0.0
0.0
0.013658048148295866
0.13700331970139704
0.8500974936786596
0.8673566333765647
0.8420260951831265
0.12716918329500948
0.27174135077288397
2.8865161420602536
4.6034358771001
0.36470976336647076
0.024526625910427133
0.04224086925113622
0.04309846625475677
0.04183980597185229
0.007832205267255355
0.00783220526725535
0.04183356727625546
0.04179868889149849
0.010308021246524347
0.0007242649144193887
0.0
0.0
0.0
0.0009097282549618364
0.009125446740461333
0.0422408692511211
0.04309846625474134
0.041839805971837306
0.007683524182472782
0.0015188467617687743
0.0
0.0
0.013658048148295866
0.13700331970139704
0.8500974936786596
0.8673566333765647
0.8420260951831265
0.12716918329500948
0.27174135077288397
2.8865161420602536
4.6034358771001
0.36470976336647076
0.024526625910427133
0.04224086925113622
0.04309846625475677
0.04183980597185229
0.007832205267255355
0.00783220526725535
0.04183356727625546
0.04179868889149849
0.010308021246524347
0.0007242649144193887
0.0
0.0
0.0
0.0009097282549618364
0.009125446740461333
0.0422408692511211
0.04309846625474134
0.041839805971837306
0.007683524182472782
0.0015188467617687743
0.0
0.0
0.013658048148295866
0.13700331970139704
0.8500974936786596
0.8673566333765647
0.8420260951831265
0.12716918329500948
0.27174135077288397
2.8865161420602536
4.6034358771001
0.36470976336647076
0.024526625910427133
0.04224086925113622
0.04309846625475677
0.04183980597185229
0.007832205267255355
0.00783220526725535
0.04183356727625546
0.04179868889149849
0.010308021246524347
0.0007242649144193887
0.0
0.0
0.0
0.0009097282549618364
0.009125446740461333
0.0422408692511211
0.04309846625474134
0.041839805971837306
0.007683524182472782
0.0015188467617687743
0.0
0.0
0.013658048148295866
0.13700331970139704
0.8500974936786596
0.8673566333765647
0.8420260951831265
0.12716918329500948
0.27174135077288397
2.8865161420602536
4.6034358771001
0.36470976336647076
0.024526625910427133
0.04224086925113622
0.04309846625475677
0.04183980597185229
0.007832205267255355
0.00783220526725535
0.04183356727625546
0.04179868889149849
0.010308021246524347
0.0007242649144193887
0.0
0.0
0.0
0.0009097282549618364
0.009125446740461333
0.0422408692511211
0.04309846625474134
0.041839805971837306
0.007683524182472782
0.0015188467617687743
0.0
0.0
0.013658048148295866
0.13700331970139704
0.8500974936786596
0.8673566333765647
0.8420260951831265
0.12716918329500948
0.27174135077288397
2.8865161420602536
4.6034358771001
0.36470976336647076
0.024526625910427133
0.04224086925113622
0.04309846625475677
0.04183980597185229
0.007832205267255355
0.00783220526725535
0.04183356727625546
0.04179868889149849
0.010308021246524347
0.0007242649144193887
0.0
0.0
0.0
0.0009097282549618364
0.009125446740461333
0.0422408692511211
0.04309846625474134
0.041839805971837306
0.007683524182472782
0.0015188467617687743
0.0
0.0
0.013658048148295866
0.13700331970139704
0.8500974936786596
0.8673566333765647
0.8420260951831265
0.12716918329500948
0.27174135077288397
2.8865161420602536
4.6034358771001
0.36470976336647076
0.024526625910427133
0.04224086925113622
0.04309846625475677
0.04183980597185229
0.007832205267255355
0.00783220526725535
0.04183356727625546
0.04179868889149849
0.010308021246524347
0.0007242649144193887
0.0
0.0
0.0
0.0009097282549618364
0.009125446740461333
0.0422408692511211
0.04309846625474134
0.041839805971837306
0.007683524182472782
0.0015188467617687743
0.0
0.0
0.013658048148295866
0.13700331970139704
0.8500974936786596
0.8673566333765647
0.8420260951831265
0.12716918329500948
0.27174135077288397
2.8865161420602536
4.6034358771001
0.36470976336647076
0.024526625910427133
0.04224086925113622
0.04309846625475677
0.04183980597185229
0.007832205267255355
0.00783220526725535
0.04183356727625546
0.04179868889149849
0.010308021246524347
0.0007242649144193887
0.0
0.0
0.0
0.0009097282549618364
0.009125446740461333
0.0422408692511211
0.04309846625474134
0.041839805971837306
0.007683524182472782
0.0015188467617687743
0.0
0.0
0.013658048148295866
0.13700331970139704
0.8500974936786596
0.8673566333765647
0.8420260951831265
0.12716918329500948
0.27174135077288397
2.8865161420602536
4.6034358771001
0.36470976336647076
0.024526625910427133
0.04224086925113622
0.04309846625475677
0.04183980597185229
0.007832205267255355
0.00783220526725535
0.04183356727625546
0.04179868889149849
0.010308021246524347
0.0007242649144193887
0.0
0.0
0.0
0.0009097282549618364
0.009125446740461333
0.0422408692511211
0.04309846625474134
0.041839805971837306
0.007683524182472782
0.0015188467617687743
0.0
0.0
0.013658048148295866
0.13700331970139704
0.8500974936786596
0.8673566333765647
0.8420260951831265
0.12716918329500948
0.27174135077288397
2.8865161420602536
4.6034358771001
0.36470976336647076
0.024526625910427133
0.04224086925113622
0.04309846625475677
0.04183980597185229
0.007832205267255355
0.00783220526725535
0.04183356727625546
0.04179868889149849
0.010308021246524347
0.0007242649144193887
0.0
0.0
0.0
0.0009097282549618364
0.009125446740461333
0.0422408692511211
0.04309846625474134
0.041839805971837306
0.007683524182472782
0.0015188467617687743
0.0
0.0
0.013658048148295866
0.13700331970139704
0.8500974936786596
0.8673566333765647
0.8420260951831265
0.12716918329500948
0.27174135077288397
2.8865161420602536
4.6034358771001
0.36470976336647076
0.024526625910427133
0.04224086925113622
0.04309846625475677
0.04183980597185229
0.007832205267255355
0.00783220526725535
0.04183356727625546
0.04179868889149849
0.010308021246524347
0.0007242649144193887
0.0
0.0
0.0
0.0009097282549618364
0.009125446740461333
0.0422408692511211
0.04309846625474134
0.041839805971837306
0.007683524182472782
0.0015188467617687743
0.0
0.0
0.013658048148295866
0.13700331970139704
0.8500974936786596
0.8673566333765647
0.8420260951831265
0.12716918329500948
0.27174135077288397
2.8865161420602536
4.6034358771001
0.36470976336647076
0.024526625910427133
0.04224086925113622
0.04309846625475677
0.04183980597185229
0.007832205267255355
0.00783220526725535
0.04183356727625546
0.04179868889149849
0.010308021246524347
0.0007242649144193887
0.0
0.0
0.0
0.0009097282549618364
0.009125446740461333
0.0422408692511211
0.04309846625474134
0.041839805971837306
0.007683524182472782
0.0015188467617687743
0.0
0.0
0.013658048148295866
0.13700331970139704
0.8500974936786596
0.8673566333765647
0.8420260951831265
0.12716918329500948
0.27174135077288397
2.8865161420602536
4.6034358771001
0.36470976336647076
0.024526625910427133
0.04224086925113622
0.04309846625475677
0.04183980597185229
0.007832205267255355
0.00783220526725535
0.04183356727625546
0.04179868889149849
0.010308021246524347
0.0007242649144193887
0.0
0.0
0.0
0.0009097282549618364
0.009125446740461333
0.0422408692511211
0.04309846625474134
0.041839805971837306
0.007683524182472782
0.0015188467617687743
0.0
0.0
0.013658048148295866
0.13700331970139704
0.8500974936786596
0.8673566333765647
0.8420260951831265
0.12716918329500948
0.27174135077288397
2.8865161420602536
4.6034358771001
0.36470976336647076
0.024526625910427133
0.04224086925113622
0.04309846625475677
0.04183980597185229
0.007832205267255355
0.00783220526725535
0.04183356727625546
0.04179868889149849
0.010308021246524347
0.0007242649144193887
0.0
0.0
0.0
0.0009097282549618364
0.009125446740461333
0.0422408692511211
0.04309846625474134
0.041839805971837306
0.007683524182472782
0.0015188467617687743
0.0
0.0
0.013658048148295866
0.13700331970139704
0.8500974936786596
0.8673566333765647
0.8420260951831265
0.12716918329500948
0.27174135077288397
2.8865161420602536
4.6034358771001
0.36470976336647076
0.024526625910427133
0.04224086925113622
0.04309846625475677
0.04183980597185229
0.007832205267255355
0.00783220526725535
0.04183356727625546
0.04179868889149849
0.010308021246524347
0.0007242649144193887
0.0
0.0
0.0
0.0009097282549618364
0.009125446740461333
0.0422408692511211
0.04309846625474134
0.041839805971837306
0.007683524182472782
0.0015188467617687743
0.0
0.0
0.013658048148295866
0.13700331970139704
0.8500974936786596
0.8673566333765647
0.8420260951831265
0.12716918329500948
0.27174135077288397
2.8865161420602536
4.6034358771001
0.36470976336647076
0.024526625910427133
0.04224086925113622
0.04309846625475677
0.04183980597185229
0.007832205267255355
0.00783220526725535
0.04183356727625546
0.04179868889149849
0.010308021246524347
0.0007242649144193887
0.0
0.0
0.0
0.0009097282549618364
0.009125446740461333
0.0422408692511211
0.04309846625474134
0.041839805971837306
0.007683524182472782
0.0015188467617687743
0.0
0.0
0.013658048148295866
0.13700331970139704
0.8500974936786596
0.8673566333765647
0.8420260951831265
0.12716918329500948
0.27174135077288397
2.8865161420602536
4.6034358771001
0.36470976336647076
0.024526625910427133
0.04224086925113622
0.04309846625475677
0.04183980597185229
0.007832205267255355
0.00783220526725535
0.04183356727625546
0.04179868889149849
0.010308021246524347
0.0007242649144193887
0.0
0.0
0.0
0.0009097282549618364
0.009125446740461333
0.0422408692511211
0.04309846625474134
0.041839805971837306
0.007683524182472782
0.0015188467617687743
0.0
0.0
0.013658048148295866
0.13700331970139704
0.8500974936786596
0.8673566333765647
0.8420260951831265
0.12716918329500948
0.27174135077288397
2.8865161420602536
4.6034358771001
0.36470976336647076
0.024526625910427133
0.04224086925113622
0.04309846625475677
0.04183980597185229
0.007832205267255355
0.00783220526725535
0.04183356727625546
0.04179868889149849
0.010308021246524347
0.0007242649144193887
0.0
0.0
0.0
0.0009097282549618364
0.009125446740461333
0.0422408692511211
0.04309846625474134
0.041839805971837306
0.007683524182472782
0.0015188467617687743
0.0
0.0
0.013658048148295866
0.13700331970139704
0.8500974936786596
0.8673566333765647
0.8420260951831265
0.12716918329500948
0.27174135077288397
2.8865161420602536
4.6034358771001
0.36470976336647076
0.024526625910427133
0.04224086925113622
0.04309846625475677
0.04183980597185229
0.007832205267255355
0.00783220526725535
0.04183356727625546
0.04179868889149849
0.010308021246524347
0.0007242649144193887
0.0
0.0
0.0
0.0009097282549618364
0.009125446740461333
0.0422408692511211
0.04309846625474134
0.041839805971837306
0.007683524182472782
0.0015188467617687743
0.0
0.0
0.013658048148295866
0.13700331970139704
0.8500974936786596
0.8673566333765647
0.8420260951831265
0.12716918329500948
0.27174135077288397
2.8865161420602536
4.6034358771001
0.36470976336647076
0.024526625910427133
0.04224086925113622
0.04309846625475677
0.04183980597185229
0.007832205267255355
0.00783220526725535
0.04183356727625546
0.04179868889149849
0.010308021246524347
0.0007242649144193887
0.0
0.0
0.0
0.0009097282549618364
0.009125446740461333
0.0422408692511211
0.04309846625474134
0.041839805971837306
0.007683524182472782
0.0015188467617687743
0.0
0.0
0.013658048148295866
0.13700331970139704
0.8500974936786596
0.8673566333765647
0.8420260951831265
0.12716918329500948
0.27174135077288397
2.8865161420602536
4.6034358771001
0.36470976336647076
0.024526625910427133
0.04224086925113622
0.04309846625475677
0.04183980597185229
0.007832205267255355
0.00783220526725535
0.04183356727625546
0.04179868889149849
0.010308021246524347
0.0007242649144193887
0.0
0.0
0.0
0.0009097282549618364
0.009125446740461333
0.0422408692511211
0.04309846625474134
0.041839805971837306
0.007683524182472782
0.0015188467617687743
0.0
0.0
0.013658048148295866
0.13700331970139704
0.8500974936786596
0.8673566333765647
0.8420260951831265
0.12716918329500948
0.27174135077288397
2.8865161420602536
4.6034358771001
0.36470976336647076
0.024526625910427133
0.04224086925113622
0.04309846625475677
0.04183980597185229
0.007832205267255355
0.00783220526725535
0.04183356727625546
0.04179868889149849
0.010308021246524347
0.0007242649144193887
0.0
0.0
0.0
0.0009097282549618364
0.009125446740461333
0.0422408692511211
0.04309846625474134
0.041839805971837306
0.007683524182472782
0.0015188467617687743
0.0
0.0
0.013658048148295866
0.13700331970139704
0.8500974936786596
0.8673566333765647
0.8420260951831265
0.12716918329500948
0.27174135077288397
2.8865161420602536
4.6034358771001
0.36470976336647076
0.024526625910427133
0.04224086925113622
0.04309846625475677
0.04183980597185229
0.007832205267255355
0.00783220526725535
0.04183356727625546
0.04179868889149849
0.010308021246524347
0.0007242649144193887
0.0
0.0
0.0
0.0009097282549618364
0.009125446740461333
0.0422408692511211
0.04309846625474134
0.041839805971837306
0.007683524182472782
0.0015188467617687743
0.0
0.0
0.013658048148295866
0.13700331970139704
0.8500974936786596
0.8673566333765647
0.8420260951831265
0.12716918329500948
0.27174135077288397
2.8865161420602536
4.6034358771001
0.36470976336647076
0.024526625910427133
0.04224086925113622
0.04309846625475677
0.04183980597185229
0.007832205267255355
0.00783220526725535
0.04183356727625546
0.04179868889149849
0.010308021246524347
0.0007242649144193887
0.0
0.0
0.0
0.0009097282549618364
0.009125446740461333
0.0422408692511211
0.04309846625474134
0.041839805971837306
0.007683524182472782
0.0015188467617687743
0.0
0.0
0.013658048148295866
0.13700331970139704
0.8500974936786596
0.8673566333765647
0.8420260951831265
0.12716918329500948
0.27174135077288397
2.8865161420602536
4.6034358771001
0.36470976336647076
0.024526625910427133
0.04224086925113622
0.04309846625475677
0.04183980597185229
0.007832205267255355
0.00783220526725535
0.04183356727625546
0.04179868889149849
0.010308021246524347
0.0007242649144193887
0.0
0.0
0.0
0.0009097282549618364
0.009125446740461333
0.0422408692511211
0.04309846625474134
0.041839805971837306
0.007683524182472782
0.0015188467617687743
0.0
0.0
0.013658048148295866
0.13700331970139704
0.8500974936786596
0.8673566333765647
0.8420260951831265
0.12716918329500948
0.27174135077288397
2.8865161420602536
4.6034358771001
0.36470976336647076
0.024526625910427133
0.04224086925113622
0.04309846625475677
0.04183980597185229
0.007832205267255355
0.00783220526725535
0.04183356727625546
0.04179868889149849
0.010308021246524347
0.0007242649144193887
0.0
0.0
0.0
0.0009120984654158796
0.00912678708277176
0.042240349984680486
0.0430981957479737
0.04183946342204438
0.007683661165237127
0.0015188767008823673
0.0
0.0
0.013693632893879343
0.13702344269934852
0.8500870434415423
0.8673511894278658
0.8420192013685439
0.12717149292074212
0.2717461990136454
2.886492314349111
2.8842006966292235
0.36471542890264647
0.024537151387824193
0.04224034998469561
0.04309819574798913
0.04183946342205936
0.007832345455526045
0.007832345455526043
0.04183322194710845
0.041798369480182306
0.01030818960889438
0.0007243985982073086
0.0
0.0
0.0
0.0008685322143044597
0.009023603532473718
0.04225712824129764
0.04310277337666461
0.04184896432714396
0.007668940424245611
0.001521792496000482
0.0
0.0
0.013039558501801145
0.13547431427512266
0.8504247058559624
0.8674433142052707
0.8422104070836728
0.12701440614228407
0.27123292755781475
2.8871484172407604
2.884829773288571
0.36412166319357664
0.024396558609593486
0.04225712824131277
0.043102773376680045
0.04184896432715894
0.007818471694107147
0.00781847169410715
0.04184273068466861
0.04180744648910828
0.010291498281552883
0.0007232463272559338
0.0
0.0
0.0
0.0005888024692727273
0.00858362320164877
0.04273754471686453
0.04368834336117269
0.042374033462353085
0.006937346581891338
0.0010670341240773711
0.0
0.0
0.008839884252578005
0.12886874551331431
0.8600930874267444
0.8792279101434942
0.8527774234297553
0.11073332584764327
0.24501038673997844
2.9234314220107054
2.9346439542849265
0.37371764254521855
0.01946654480693524
0.04273754471687983
0.043688343361188334
0.04237403346236825
0.007018927227095287
0.007018927227095289
0.04236857133350864
0.042357135796950406
0.010555867284160346
0.0006045353436518371
