0.0
0.0
0.0
0.0
0.0
0.0
0.0
0.0
0.0
0.0
0.0
0.0
0.0
0.0
0.0
0.031170444151381305
0.027507809574234446
0.027507809574234446
0.027507809574234446
0.009174309492183392
0.017052276059197027
0.00966736402897456
0.00966736402897456
0.006490401831893627
0.0019606976384928796
0.002158953785319414
0.002158953785319414
0.0013477152373882596
0.0008012148488151585
0.0008012148488151585
0.0005373318616478019
0.004424358278036627
0.004424358278036627
0.0005973259291230111
0.00043777979422346923
1.5687177317873926e-05
1.5687177317873926e-05
0.0005026928503640773
0.00022568418515475164
0.00022568418515475164
0.00022568418515475164
0.00022568418515475164
0.00022568418515475164
1.2712127071274206e-05
1.2712127071274206e-05
1.2712127071274206e-05
1.0229581677550581e-05
1.0229581677550581e-05
4.651464872369017e-05
4.651464872369017e-05
2.2047493387438104e-06
