0.04934449601058642
0.04934449601058642
0.04934449601058642
0.04934449601058642
0.04934449601058642
0.04934449601058642
0.04934449601058642
0.04934449601058642
0.04934449601058642
0.04934449601058642
0.04934449601058642
0.04934449601058642
0.04934449601058642
0.04934449601058642
0.03974083741114793
0.023242324605491266
0.023242324605491266
0.023242324605491266
0.023242324605491266
0.023242324605491266
0.01928737797659722
0.008427192870302753
0.008427192870302753
0.007666080745008863
0.007437174394077282
0.007437174394077282
0.007437174394077282
0.007367666456120733
0.007367666456120733
0.007367666456120733
0.007367666456120733
0.007367666456120733
0.007362138263866352
0.007354179585260174
0.007354179585260174
0.007354179585260174
0.007354509775383538
0.007354509775383538
0.007356120441064145
