0.0
0.0
0.0
0.0
0.0
0.0
0.0
0.0
0.0
0.0
0.0
0.0
8.035714285714285
8.035714285714285
8.035714285714285
8.035714285714285
12.053571428571427
12.053571428571427
12.053571428571427
12.053571428571427
12.053571428571427
20.089285714285715
20.089285714285715
20.089285714285715
20.089285714285715
20.089285714285715
20.089285714285715
20.089285714285715
20.089285714285715
20.089285714285715
23.856026785714285
28.125
28.125
28.125
28.125
28.125
28.125
28.125
28.125
