200
200
150.0
112.5
84.375
63.28125
47.4609375
35.595703125
26.69677734375
20.0225830078125
15.016937255859375
11.262702941894531
8.447027206420898
6.335270404815674
4.751452803611755
3.5635896027088165
2.6726922020316124
2.0045191515237093
1.503389363642782
1.1275420227320865
0.8456565170490649
0.6342423877867986
0.475681790840099
0.35676134313007424
0.2675710073475557
0.20067825551066676
0.15050869163300007
0.11288151872475005
0.08466113904356254
0.0634958542826719
0.04762189071200393
0.035716418034002946
0.02678731352550221
0.02009048514412666
0.015067863858094995
0.011300897893571245
0.008475673420178433
0.008475673420178433
0.006356755065133825
