0.16443821977520673
0.16443821977520673
0.16443821977520673
0.16443821977520673
0.16443821977520673
0.16443821977520673
0.16443821977520673
0.16443821977520673
0.16443821977520673
0.16443821977520673
0.16443821977520673
0.16443821977520673
0.16443821977520673
0.16443821977520673
0.16443821977520673
0.16443821977520673
0.16443821977520673
0.16443821977520673
0.16443821977520673
0.16443821977520673
0.1302754039330869
0.10300943079156906
0.08542229776519662
0.07710534380765834
0.07710534380765834
0.07710534380765834
0.07710534380765834
0.07710534380765834
0.07710534380765834
0.07710534380765834
0.07710534380765834
0.07710534380765834
0.06869812406838634
0.06869812406838634
0.06869812406838634
0.06869812406838634
0.06869812406838634
0.06869812406838634
0.06869812406838634
0.06869812406838634
0.06869812406838634
0.06730758564575405
0.06409184966014927
0.06182799394469073
0.0620415781591996
0.06221556066850259
0.061570762576783136
0.061570762576783136
0.061570762576783136
0.061532618134955024
0.061490317545772465
0.06127911109215962
0.06127911109215962
0.06124550738914331
0.06124550738914331
0.06124550738914331
0.06124550738914331
0.06124550738914331
0.06124550738914331
0.06124550738914331
0.06124550738914331
0.06124550738914331
0.06124550738914331
0.06124550738914331
0.06124550738914331
0.06124550738914331
0.06124550738914331
0.06124550738914331
0.06124550738914331
0.06124550738914331
0.06124550738914331
0.06124550738914331
0.06124550738914331
0.06124550738914331
0.06124550738914331
0.06124550738914331
0.06124550738914331
0.06124550738914331
0.06124550738914331
0.06124550738914331
0.06124550738914331
0.06124550738914331
0.06124550738914331
0.06124550738914331
0.06124550738914331
0.06124550738914331
0.06124550738914331
0.06124550738914331
0.06124550738914331
0.06124550738914331
0.06124550738914331
