0.16331817953532957
0.16331817953532957
0.16331817953532957
0.16331817953532957
0.16331817953532957
0.16331817953532957
0.16331817953532957
0.16331817953532957
0.16331817953532957
0.16331817953532957
0.16331817953532957
0.16331817953532957
0.16331817953532957
0.16331817953532957
0.16331817953532957
0.16331817953532957
0.16331817953532957
0.16264478477099614
0.1623173339896572
0.1623173339896572
0.1623173339896572
0.1623173339896572
0.1623173339896572
0.09286995648026075
0.09286995648026075
0.08385599404270906
0.08385599404270906
0.08385599404270906
0.08385599404270906
0.08385599404270906
0.08385599404270906
0.08407261925850726
0.07834115994278355
0.06524906896035906
0.0650838513347867
0.0650838513347867
0.05689524364143085
0.05689524364143085
0.05689524364143085
0.057214692573795085
0.05446362494383578
0.05446362494383578
0.0510669378316932
0.04969355039171435
0.04958180324143049
0.04522599416573275
0.04530496676612928
0.045320465971250695
0.04158819529363737
0.041662765325351826
0.0417225517353274
0.041389361132226576
0.038234390105422136
0.03783578427450706
0.0375009132348829
0.03753367313873323
0.03659390049260572
0.03659390049260572
0.03659390049260572
0.03659390049260572
0.03659390049260572
0.03659390049260572
0.03659390049260572
0.03659390049260572
0.03659390049260572
0.036582740444934835
0.036582740444934835
0.036582740444934835
0.036582740444934835
0.036582740444934835
0.03654283764494893
0.03654283764494893
0.03654283764494893
0.03654283764494893
0.03654283764494893
0.03654283764494893
0.03654283764494893
0.03654283764494893
0.03654283764494893
0.03654283764494893
0.03654283764494893
0.03654283764494893
0.03654283764494893
0.03654283764494893
0.03654283764494893
0.036541542379624634
0.036541542379624634
0.036541527205549
0.036541527205549
0.03653578708308282
0.036535773493639366
