0.23170016880430017
0.23170016880430017
0.23170016880430017
0.23170016880430017
0.23170016880430017
0.23170016880430017
0.23170016880430017
0.23170016880430017
0.23170016880430017
0.23170016880430017
0.23170016880430017
0.23170016880430017
0.23170016880430017
0.23170016880430017
0.23170016880430017
0.23170016880430017
0.23170016880430017
0.23170016880430017
0.23170016880430017
0.23170016880430017
0.23170016880430017
0.19577121886981294
0.12984474289959955
0.12984474289959955
0.12984474289959955
0.12984474289959955
0.12984474289959955
0.12984474289959955
0.12984474289959955
0.12984474289959955
0.12984474289959955
0.12984474289959955
0.12883011941341782
0.12883011941341782
0.12883011941341782
0.12883011941341782
0.12883011941341782
0.12883011941341782
0.12883011941341782
0.12883011941341782
0.12883011941341782
0.12518558276894737
0.1239423571435268
0.1239423571435268
0.1239423571435268
0.1239423571435268
0.1239423571435268
0.12375303556286645
0.12375303556286645
0.12375303556286645
0.12375303556286645
0.12375303556286645
0.12375303556286645
0.12375303556286645
0.12375303556286645
0.12375303556286645
0.12375303556286645
0.12375303556286645
0.12375303556286645
0.12375303556286645
0.12375303556286645
0.12375303556286645
0.12375303556286645
0.12375303556286645
0.12375303556286645
0.12375303556286645
0.12375303556286645
0.12375303556286645
0.12375303556286645
0.12375303556286645
0.12375303556286645
0.12375303556286645
0.12375303556286645
0.12375303556286645
0.12375303556286645
0.12375303556286645
0.12375303556286645
0.12375303556286645
0.12375303556286645
0.12375303556286645
0.12375303556286645
0.12375303556286645
0.12375303556286645
0.12375303556286645
0.12375303556286645
0.12375303556286645
0.12375303556286645
0.12375303556286645
0.12375303556286645
0.12375303556286645
0.12375303556286645
