0.23180677177770123
0.23180677177770123
0.23180677177770123
0.23180677177770123
0.23180677177770123
0.23180677177770123
0.23180677177770123
0.23180677177770123
0.23180677177770123
0.23180677177770123
0.23180677177770123
0.23180677177770123
0.23180677177770123
0.23180677177770123
0.23180677177770123
0.23180677177770123
0.23180677177770123
0.23180677177770123
0.23180677177770123
0.23180677177770123
0.23180677177770123
0.19584893580387336
0.1297700720603843
0.1297700720603843
0.1297700720603843
0.1297700720603843
0.1297700720603843
0.1297700720603843
0.1297700720603843
0.1297700720603843
0.1297700720603843
0.1297700720603843
0.1288637051686385
0.1288637051686385
0.1288637051686385
0.1288637051686385
0.1288637051686385
0.1288637051686385
0.1288637051686385
0.1288637051686385
0.1288637051686385
0.1266057980688673
0.12395232150942136
0.12395232150942136
0.12395232150942136
0.12395232150942136
0.12395232150942136
0.12374922920040143
0.12374922920040143
0.12374922920040143
0.12374922920040143
0.12374922920040143
0.12374922920040143
0.12374922920040143
0.12374922920040143
0.12374922920040143
0.12374922920040143
0.12374922920040143
0.12374922920040143
0.12374922920040143
0.12374922920040143
0.12374922920040143
0.12374922920040143
0.12374922920040143
0.12374922920040143
0.12374922920040143
0.12374922920040143
0.12374922920040143
0.12374922920040143
0.12374922920040143
0.12374922920040143
0.12374922920040143
0.12374922920040143
0.12374922920040143
0.12374922920040143
0.12374922920040143
0.12374922920040143
0.12374922920040143
0.12374922920040143
0.12374922920040143
0.12374922920040143
0.12374922920040143
0.12374922920040143
0.12374922920040143
0.12374922920040143
0.12374922920040143
0.12374922920040143
0.12374922920040143
0.12374922920040143
0.12374922920040143
0.12374922920040143
