0.0
0.0
0.0
0.0
0.0
0.0
0.0
0.0
0.0
0.0
0.0
0.0
0.0
0.0
0.0
0.0
1.171875
1.5625
18.359375
32.03125
39.84375
41.796875
44.53125
62.109375
62.109375
62.109375
62.109375
62.109375
62.109375
62.109375
65.625
65.625
65.625
74.609375
74.609375
74.609375
74.609375
74.609375
80.859375
80.859375
80.859375
80.859375
81.640625
87.109375
87.109375
87.109375
93.359375
93.359375
93.359375
93.359375
93.359375
93.359375
93.359375
93.359375
93.359375
93.359375
93.359375
93.359375
93.359375
93.359375
93.359375
93.359375
93.359375
93.359375
93.359375
98.828125
98.828125
99.609375
99.609375
99.609375
99.609375
99.609375
99.609375
99.609375
99.609375
99.609375
99.609375
99.609375
99.609375
99.609375
99.609375
99.609375
99.609375
99.609375
99.609375
99.609375
99.609375
99.609375
99.609375
99.609375
99.609375
