0.15431315279452848
0.15431315279452848
0.15431315279452848
0.15431315279452848
0.15431315279452848
0.15431315279452848
0.15431315279452848
0.15431315279452848
0.15431315279452848
0.15431315279452848
0.15431315279452848
0.15431315279452848
0.15431315279452848
0.15431315279452848
0.15431315279452848
0.15431315279452848
0.15431315279452848
0.15431315279452848
0.15431315279452848
0.15431315279452848
0.15431315279452848
0.14059097474446694
0.08174477814281822
0.08085880183066961
0.08085880183066961
0.08085880183066961
0.08085880183066961
0.08085880183066961
0.08085880183066961
0.08085880183066961
0.08085880183066961
0.08085880183066961
0.07396964449749038
0.07396964449749038
0.07396964449749038
0.07396964449749038
0.07396964449749038
0.07396964449749038
0.07396964449749038
0.07396964449749038
0.07396964449749038
0.07396964449749038
0.06790775103781138
0.0656406109004217
0.06574149025671386
0.06582886388343272
0.06551112913672
0.06551112913672
0.06551112913672
0.06551112913672
0.0654617085414747
0.06541283627480818
0.06541283627480818
0.06547133364844947
0.06547133364844947
0.06547133364844947
0.06547133364844947
0.06547133364844947
0.06547133364844947
0.06547133364844947
0.06547133364844947
0.06547133364844947
0.06547133364844947
0.06547133364844947
0.06547133364844947
0.06547133364844947
0.06547133364844947
0.06547133364844947
0.06547133364844947
0.06547133364844947
0.06547133364844947
0.06547133364844947
0.06547133364844947
0.06547133364844947
0.06547133364844947
0.06547133364844947
0.06547133364844947
0.06547133364844947
0.06547133364844947
0.06547133364844947
0.06547133364844947
0.06547133364844947
0.06547133364844947
0.06547133364844947
0.06547133364844947
0.06547133364844947
0.06547133364844947
0.06547133364844947
0.06547133364844947
0.06547133364844947
0.06547133364844947
