1.171875
1.171875
1.171875
1.171875
1.171875
1.171875
1.171875
1.171875
1.171875
1.171875
1.171875
1.171875
1.171875
1.171875
1.171875
1.171875
1.171875
6.640625
16.015625
31.25
36.71875
37.890625
47.65625
62.890625
62.890625
62.890625
62.890625
62.890625
62.890625
62.890625
62.890625
62.890625
62.890625
75.0
75.0
75.0
75.0
75.0
81.25
81.25
81.25
81.25
82.03125
87.5
87.5
87.5
93.75
93.75
93.75
93.75
93.75
93.75
93.75
93.75
93.75
93.75
93.75
93.75
93.75
93.75
93.75
93.75
93.75
93.75
93.75
99.21875
99.21875
100.0
100.0
100.0
100.0
100.0
100.0
100.0
100.0
100.0
100.0
100.0
100.0
100.0
100.0
100.0
100.0
100.0
100.0
100.0
100.0
100.0
100.0
100.0
100.0
