0.1643124639856147
0.1643124639856147
0.1643124639856147
0.1643124639856147
0.1643124639856147
0.1643124639856147
0.1643124639856147
0.1643124639856147
0.1643124639856147
0.1643124639856147
0.1643124639856147
0.1643124639856147
0.1643124639856147
0.1643124639856147
0.1643124639856147
0.1643124639856147
0.1643124639856147
0.1643124639856147
0.1643124639856147
0.1643124639856147
0.1643124639856147
0.1340217071060497
0.07690963797332466
0.07690963797332466
0.07690963797332466
0.07690963797332466
0.07690963797332466
0.07690963797332466
0.07690963797332466
0.07690963797332466
0.07690963797332466
0.07598079108645145
0.0685626859260164
0.0685626859260164
0.0685626859260164
0.0685626859260164
0.0685626859260164
0.0685626859260164
0.0685626859260164
0.0685626859260164
0.0685626859260164
0.06718029371870336
0.06295160103897408
0.061715384777762824
0.061718860932234554
0.061783815062468626
0.06147088062213477
0.06147088062213477
0.06147088062213477
0.06147088062213477
0.061605373439133665
0.0612284789448598
0.0612284789448598
0.06119443783251546
0.06119443783251546
0.06119443783251546
0.06119443783251546
0.06119443783251546
0.06119443783251546
0.06119443783251546
0.06119443783251546
0.06119443783251546
0.06119443783251546
0.06119443783251546
0.06119443783251546
0.06119443783251546
0.06119443783251546
0.06119443783251546
0.06119443783251546
0.06119443783251546
0.06119443783251546
0.06119443783251546
0.06119443783251546
0.06119443783251546
0.06119443783251546
0.06119443783251546
0.06119443783251546
0.06119443783251546
0.06119443783251546
0.06119443783251546
0.06119443783251546
0.06119443783251546
0.06119443783251546
0.06119443783251546
0.06119443783251546
0.06119443783251546
0.06119443783251546
0.06119443783251546
0.06119443783251546
0.06119443783251546
0.06119443783251546
