0.15868567311762397
0.15868567311762397
0.15868567311762397
0.15868567311762397
0.15868567311762397
0.15868567311762397
0.15868567311762397
0.15868567311762397
0.15868567311762397
0.15868567311762397
0.15868567311762397
0.15868567311762397
0.15868567311762397
0.15868567311762397
0.15868567311762397
0.15868567311762397
0.15868567311762397
0.1595279652257671
0.11620631730946732
0.11620631730946732
0.1101182032094602
0.08669933400323009
0.0858044359186854
0.08593755558835618
0.08741588873024589
0.08300464578376081
0.08300464578376081
0.08300464578376081
0.08300464578376081
0.08300464578376081
0.0811001396376603
0.0811001396376603
0.08157955034787027
0.056049617370474245
0.056049617370474245
0.056049617370474245
0.05495060290585649
0.05495060290585649
0.05495060290585649
0.05548365711186779
0.054187092600543496
0.054187092600543496
0.054187092600543496
0.04952171677908371
0.04952171677908371
0.04655577959161928
0.04655316275980525
0.04407960606275599
0.04394614271228091
0.04393497835248411
0.04401652379045148
0.043152661039060625
0.043019595517164604
0.04304716889333414
0.04197741853587489
0.04197741853587489
0.04197741853587489
0.04197741853587489
0.04197741853587489
0.04197741853587489
0.04197741853587489
0.041889280752311374
0.041884943646361195
0.041884943646361195
0.041884943646361195
0.041884943646361195
0.041884943646361195
0.041884943646361195
0.041884943646361195
0.041801314753490394
0.041796568513013325
0.041796568513013325
0.041796568513013325
0.041796568513013325
0.041796568513013325
0.041796568513013325
0.041796568513013325
0.041796568513013325
0.041796568513013325
0.041796568513013325
0.041796568513013325
0.041796568513013325
0.041796568513013325
0.041796568513013325
0.041796568513013325
0.041796568513013325
0.041796568513013325
0.041796568513013325
0.041796568513013325
0.041796568513013325
0.041796568513013325
