0.09765625
0.09765625
0.09765625
0.09765625
0.09765625
0.09765625
0.09765625
0.09765625
0.09765625
0.09765625
0.09765625
0.09765625
0.09765625
0.09765625
0.09765625
0.09765625
0.09765625
0.1953125
0.29296875
0.29296875
0.29296875
0.29296875
0.29296875
3.61328125
3.61328125
6.34765625
6.34765625
6.34765625
6.34765625
6.34765625
6.34765625
6.640625
9.27734375
12.5
12.59765625
12.59765625
15.72265625
15.72265625
15.72265625
15.91796875
18.84765625
18.84765625
21.97265625
25.1953125
25.48828125
28.3203125
28.515625
28.7109375
34.5703125
40.91796875
41.30859375
47.75390625
60.64453125
70.01953125
81.25
84.27734375
87.5
87.5
87.5
87.5
87.5
87.5
87.5
87.5
87.5
90.625
90.625
90.625
90.625
90.625
93.75
93.75
93.75
93.75
93.75
93.75
93.75
93.75
93.75
93.75
93.75
93.75
93.75
93.75
93.75
96.6796875
96.6796875
96.875
96.875
99.8046875
100.0
