0.78125
0.78125
0.78125
0.78125
0.78125
0.78125
0.78125
0.78125
0.78125
0.78125
0.78125
0.78125
0.78125
0.78125
0.78125
0.78125
0.78125
2.734375
21.484375
31.25
37.109375
42.578125
47.265625
63.28125
63.28125
63.28125
63.28125
63.28125
63.28125
63.28125
63.671875
63.671875
63.671875
75.390625
75.390625
75.390625
75.390625
75.390625
81.640625
81.640625
81.640625
81.640625
82.421875
87.5
87.5
87.5
93.75
93.75
93.75
93.75
93.75
93.75
93.75
93.75
93.75
93.75
93.75
93.75
93.75
93.75
93.75
93.75
93.75
93.75
93.75
99.21875
99.21875
100.0
100.0
100.0
100.0
100.0
100.0
100.0
100.0
100.0
100.0
100.0
100.0
100.0
100.0
100.0
100.0
100.0
100.0
100.0
100.0
100.0
100.0
100.0
100.0
