0.0
0.0
0.0
0.0
0.0
0.0
0.0
0.0
0.0
0.0
0.0
0.0
0.0
0.0
0.0
0.0
0.0
0.0
0.0
0.0
3.125
7.8125
10.9375
12.5
12.5
12.5
12.5
12.5
12.5
12.5
12.5
12.5
25.0
25.0
25.0
25.0
25.0
25.0
25.0
25.0
25.0
26.5625
34.375
50.0
53.125
59.375
62.5
62.5
62.5
64.0625
75.0
87.5
87.5
100.0
100.0
100.0
100.0
100.0
100.0
100.0
100.0
100.0
100.0
100.0
100.0
100.0
100.0
100.0
100.0
100.0
100.0
100.0
100.0
100.0
100.0
100.0
100.0
100.0
100.0
100.0
100.0
100.0
100.0
100.0
100.0
100.0
100.0
100.0
100.0
100.0
100.0
