0.78125
0.78125
0.78125
0.78125
0.78125
0.78125
0.78125
0.78125
0.78125
0.78125
0.78125
0.78125
0.78125
0.78125
0.78125
0.78125
0.78125
1.171875
3.90625
3.90625
5.859375
9.375
9.765625
9.765625
11.71875
13.28125
13.28125
13.28125
13.28125
13.28125
14.0625
14.84375
15.625
19.53125
19.53125
19.53125
19.921875
19.921875
19.921875
21.484375
26.5625
26.953125
27.34375
32.8125
33.203125
39.453125
41.015625
44.140625
51.171875
52.734375
62.109375
73.828125
76.171875
82.8125
87.890625
87.890625
87.890625
87.890625
87.890625
87.890625
87.890625
93.359375
94.140625
94.140625
94.140625
94.140625
94.140625
94.140625
94.140625
99.609375
100.0
100.0
100.0
100.0
100.0
100.0
100.0
100.0
100.0
100.0
100.0
100.0
100.0
100.0
100.0
100.0
100.0
100.0
100.0
100.0
100.0
