0.0
0.0
0.0
0.0
0.0
0.0
0.0
0.0
0.0
0.0
0.0
0.0
0.0
0.0
0.0
0.0
0.0
0.78125
21.875
28.515625
34.765625
42.96875
46.09375
62.5
62.5
62.5
62.5
62.5
62.5
62.5
62.5
62.5
62.890625
75.0
75.0
75.0
75.0
75.0
75.78125
81.25
81.25
81.25
82.03125
87.5
87.5
87.5
88.28125
93.75
93.75
93.75
93.75
93.75
93.75
93.75
93.75
93.75
93.75
93.75
93.75
93.75
93.75
93.75
93.75
93.75
93.75
93.75
93.75
93.75
93.75
93.75
93.75
93.75
93.75
93.75
93.75
93.75
93.75
93.75
93.75
93.75
93.75
93.75
93.75
93.75
93.75
93.75
93.75
93.75
93.75
93.75
93.75
