0.0
0.0
0.0
0.0
0.0
0.0
0.0
0.0
0.0
0.0
0.0
0.0
0.0
0.0
0.0
0.0
0.0
0.0
0.0
0.0
1.5625
9.375
10.9375
12.5
12.5
12.5
12.5
12.5
12.5
12.5
12.5
14.0625
25.0
25.0
25.0
25.0
25.0
25.0
25.0
25.0
25.0
26.5625
31.25
50.0
51.5625
59.375
62.5
62.5
62.5
62.5
75.0
87.5
87.5
100.0
100.0
100.0
100.0
100.0
100.0
100.0
100.0
100.0
100.0
100.0
100.0
100.0
100.0
100.0
100.0
100.0
100.0
100.0
100.0
100.0
100.0
100.0
100.0
100.0
100.0
100.0
100.0
100.0
100.0
100.0
100.0
100.0
100.0
100.0
100.0
100.0
100.0
