0.15881116034431186
0.15881116034431186
0.15881116034431186
0.15881116034431186
0.15881116034431186
0.15881116034431186
0.15881116034431186
0.15881116034431186
0.15881116034431186
0.15881116034431186
0.15881116034431186
0.15881116034431186
0.15881116034431186
0.15881116034431186
0.15881116034431186
0.15881116034431186
0.15881116034431186
0.1556691983231743
0.11737060423345284
0.11737060423345284
0.10551177714170716
0.08870364317458151
0.08685746994114134
0.08685746994114134
0.08774945798384598
0.08314955623933062
0.08314955623933062
0.08314955623933062
0.08314955623933062
0.08314955623933062
0.07933197457852091
0.0793524809187291
0.07558945532794344
0.05615069248674427
0.05615069248674427
0.05615069248674427
0.05619204737706652
0.05619204737706652
0.05619204737706652
0.056863591573030066
0.05473870860543197
0.0548039806187064
0.05459923412866237
0.04970472846047126
0.049671053164450626
0.04680915166182917
0.04610415563696692
0.04610835183392157
0.0441826763336219
0.0440383582466766
0.0440438872479524
0.043162406553347264
0.043056288453120345
0.043185253746503074
0.0419228970974462
0.0419228970974462
0.0419228970974462
0.0419228970974462
0.0419228970974462
0.0419228970974462
0.0419228970974462
0.041841022680257446
0.04183682986080539
0.04183682986080539
0.04183682986080539
0.04183682986080539
0.04183682986080539
0.04183682986080539
0.04183682986080539
0.041758452433776856
0.041756182009283334
0.041756182009283334
0.041756182009283334
0.041756182009283334
0.041756182009283334
0.041756182009283334
0.041756182009283334
0.041756182009283334
0.041756182009283334
0.041756182009283334
0.041756182009283334
0.041756182009283334
0.041756182009283334
0.041756182009283334
0.041756182009283334
0.041756182009283334
0.041756182009283334
0.041756182009283334
0.041756182009283334
0.041756182009283334
0.041756182009283334
