0.1627964729367622
0.1627964729367622
0.1627964729367622
0.1627964729367622
0.1627964729367622
0.1627964729367622
0.1627964729367622
0.1627964729367622
0.1627964729367622
0.1627964729367622
0.1627964729367622
0.1627964729367622
0.1627964729367622
0.1627964729367622
0.1627964729367622
0.1627964729367622
0.1627964729367622
0.1627689673540843
0.11285871262381997
0.11285871262381997
0.11285871262381997
0.11285871262381997
0.11285871262381997
0.08447551672965159
0.08434395882092077
0.08411981206725991
0.08411981206725991
0.08411981206725991
0.08411981206725991
0.08411981206725991
0.08411981206725991
0.08438224708703491
0.07870993717083716
0.06545579693033894
0.06520268798066303
0.06520268798066303
0.05706868569556758
0.05706868569556758
0.05706868569556758
0.05733252329690387
0.05462765892759036
0.05462765892759036
0.05119963498658266
0.049873867630238475
0.045535511597698315
0.045463496748424724
0.043708849133642626
0.04371862750903618
0.04170483113391071
0.041771375140752506
0.041741709612124485
0.041138300484782016
0.03788552274450211
0.037779755800670146
0.03774139978602619
0.037768845057033214
0.03682676972754719
0.03682676972754719
0.03682676972754719
0.03682676972754719
0.03682676972754719
0.03682676972754719
0.03682676972754719
0.03682676972754719
0.03682676972754719
0.03681474092371744
0.03681474092371744
0.03681474092371744
0.03681474092371744
0.03681474092371744
0.03677002127089003
0.03677002127089003
0.03677002127089003
0.03677002127089003
0.03677002127089003
0.03677002127089003
0.03677002127089003
0.03677002127089003
0.03677002127089003
0.03677002127089003
0.03677002127089003
0.03677002127089003
0.03677002127089003
0.03677002127089003
0.03677002127089003
0.036769477050885756
0.036769477050885756
0.03676948382820069
0.03676948382820069
0.036763147921301635
0.03676314299923371
