0.0
0.0
0.0
0.0
0.0
0.0
0.0
0.0
0.0
0.0
0.0
0.0
0.0
0.0
0.0
0.0
0.0
0.390625
3.515625
3.515625
4.6875
8.984375
9.375
9.765625
10.546875
12.5
12.5
12.5
12.5
12.5
12.890625
12.890625
13.28125
18.75
18.75
18.75
22.265625
22.265625
22.265625
23.046875
25.390625
25.390625
25.390625
31.25
31.25
37.5
38.28125
44.140625
48.828125
50.78125
58.984375
76.953125
78.90625
82.8125
87.109375
87.109375
87.109375
87.109375
87.109375
87.109375
87.109375
92.578125
93.359375
93.359375
93.359375
93.359375
93.359375
93.359375
93.359375
98.828125
99.609375
99.609375
99.609375
99.609375
99.609375
99.609375
99.609375
99.609375
99.609375
99.609375
99.609375
99.609375
99.609375
99.609375
99.609375
99.609375
99.609375
99.609375
99.609375
99.609375
99.609375
