0.0
0.0
0.0
0.0
0.0
0.0
0.0
0.0
0.0
0.0
0.0
0.0
0.0
0.0
0.0
0.0
0.0
0.0
0.0
0.0
0.0
3.125
10.9375
12.5
12.5
12.5
12.5
12.5
12.5
12.5
12.5
12.5
25.0
25.0
25.0
25.0
25.0
25.0
25.0
25.0
25.0
25.0
34.375
48.4375
57.8125
59.375
62.5
62.5
62.5
62.5
81.25
87.5
87.5
100.0
100.0
100.0
100.0
100.0
100.0
100.0
100.0
100.0
100.0
100.0
100.0
100.0
100.0
100.0
100.0
100.0
100.0
100.0
100.0
100.0
100.0
100.0
100.0
100.0
100.0
100.0
100.0
100.0
100.0
100.0
100.0
100.0
100.0
100.0
100.0
100.0
100.0
