0.158874654112544
0.158874654112544
0.158874654112544
0.158874654112544
0.158874654112544
0.158874654112544
0.158874654112544
0.158874654112544
0.158874654112544
0.158874654112544
0.158874654112544
0.158874654112544
0.158874654112544
0.158874654112544
0.158874654112544
0.158874654112544
0.158874654112544
0.15789575449594204
0.10885064114564486
0.10772704320975024
0.08747532376256287
0.08747532376256287
0.08526911578381415
0.08526911578381415
0.08526911578381415
0.08314498811101242
0.08314498811101242
0.08314498811101242
0.08314498811101242
0.08314498811101242
0.0836126317049589
0.0840799798278449
0.05820645014384492
0.05624554622096774
0.05624554622096774
0.05624554622096774
0.05624554622096774
0.05624554622096774
0.05624554622096774
0.05676934024701673
0.05474425165403782
0.05474425165403782
0.05474425165403782
0.04972086250539275
0.04972086250539275
0.046649916124878954
0.046649916124878954
0.04666128119495169
0.04409695801971805
0.04403071842883034
0.04396819065027386
0.043088601570228625
0.043054321767379444
0.04317453139777543
0.041980333902298245
0.041980333902298245
0.041980333902298245
0.041980333902298245
0.041980333902298245
0.041980333902298245
0.041980333902298245
0.04178232587512429
0.041775299473261154
0.041775299473261154
0.041775299473261154
0.041775299473261154
0.041775299473261154
0.041775299473261154
0.041775299473261154
0.04168558577122566
0.04168052401824795
0.04168052401824795
0.04168052401824795
0.04168052401824795
0.04168052401824795
0.04168052401824795
0.04168052401824795
0.04168052401824795
0.04168052401824795
0.04168052401824795
0.04168052401824795
0.04168052401824795
0.04168052401824795
0.04168052401824795
0.04168052401824795
0.04168052401824795
0.04168052401824795
0.04168052401824795
0.04168052401824795
0.04168052401824795
0.04168052401824795
