0.16358930822428913
0.16358930822428913
0.16358930822428913
0.16358930822428913
0.16358930822428913
0.16358930822428913
0.16358930822428913
0.16358930822428913
0.16358930822428913
0.16358930822428913
0.16358930822428913
0.16358930822428913
0.16358930822428913
0.16358930822428913
0.16358930822428913
0.16358930822428913
0.16358930822428913
0.163263370357202
0.11378124918711331
0.11378124918711331
0.11378124918711331
0.11378124918711331
0.11378124918711331
0.08421256548583289
0.08421256548583289
0.08382483754572606
0.08382483754572606
0.08382483754572606
0.08382483754572606
0.08382483754572606
0.08382483754572606
0.07871416866566769
0.07846397829375848
0.06535091178366904
0.06507685772136448
0.06507685772136448
0.0569033237792791
0.0569033237792791
0.0569033237792791
0.05721438364545941
0.05447490774688505
0.05447490774688505
0.05107327544205183
0.04972402294217124
0.04537330946013239
0.04524045360637062
0.045301204910436633
0.04539632211220538
0.04155476460862532
0.041677244039468535
0.041693589768471935
0.0413810026200086
0.03773326435674885
0.037589923387864155
0.03750461820936422
0.037534141708205945
0.03659883226699205
0.03659883226699205
0.03659883226699205
0.03659883226699205
0.03659883226699205
0.03659883226699205
0.03659883226699205
0.03659883226699205
0.03659883226699205
0.03658778470876919
0.03658778470876919
0.03658778470876919
0.03658778470876919
0.03658778470876919
0.036547828199019625
0.036547828199019625
0.036547828199019625
0.036547828199019625
0.036547828199019625
0.036547828199019625
0.036547828199019625
0.036547828199019625
0.036547828199019625
0.036547828199019625
0.036547828199019625
0.036547828199019625
0.036547828199019625
0.036547828199019625
0.036547828199019625
0.036547107144228874
0.036547107144228874
0.03654709455747308
0.03654709455747308
0.0365410780931389
0.036541063362404216
