0.16232215088802643
0.16232215088802643
0.16232215088802643
0.16232215088802643
0.16232215088802643
0.16232215088802643
0.16232215088802643
0.16232215088802643
0.16232215088802643
0.16232215088802643
0.16232215088802643
0.16232215088802643
0.16232215088802643
0.16232215088802643
0.16232215088802643
0.16232215088802643
0.16232215088802643
0.1628483850736077
0.11019976286032888
0.11019976286032888
0.10984535092198289
0.08648237312042716
0.0867900826232386
0.08563475073974765
0.0866970198492003
0.08580415049321982
0.08580415049321982
0.08580415049321982
0.08580415049321982
0.08563009182979266
0.08563009182979266
0.08604722830031092
0.08604722830031092
0.059363603653194874
0.059363603653194874
0.059363603653194874
0.059363603653194874
0.059363603653194874
0.059363603653194874
0.05970505096017259
0.05793477148936818
0.05801372508407569
0.05802895192323355
0.05515954712409965
0.05521430273151536
0.05209283395452569
0.05209283395452569
0.04954909974534372
0.04947465190471542
0.049357176805319466
0.04873270932384087
0.04866412484018888
0.048521041833251025
0.048572267393256686
0.04742436166846369
0.04742436166846369
0.04742436166846369
0.04742436166846369
0.04742436166846369
0.04742436166846369
0.04742436166846369
0.04742436166846369
0.04742436166846369
0.04742436166846369
0.04741870046785754
0.0473941476168962
0.0473941476168962
0.0473941476168962
0.0473941476168962
0.0473941476168962
0.0474419699138597
0.0474419699138597
0.0474419699138597
0.0474419699138597
0.0474419699138597
0.0474419699138597
0.0474419699138597
0.0474419699138597
0.0474419699138597
0.0474419699138597
0.0474419699138597
0.0474419699138597
0.0474419699138597
0.0474419699138597
0.0474419699138597
0.0474419699138597
0.0474419699138597
0.0474419699138597
0.0474419699138597
0.0474419699138597
0.0474419699138597
