0.0
0.0
0.0
0.0
0.0
0.0
0.0
0.0
0.0
0.0
0.0
0.0
0.0
0.0
0.0
0.0
0.0
0.0
8.88671875
9.1796875
9.5703125
10.05859375
13.57421875
19.921875
31.25
31.25
31.25
31.25
31.25
31.25
31.25
31.25
31.25
46.875
46.875
46.875
46.875
53.7109375
62.5
62.5
65.625
65.625
65.625
66.40625
78.125
78.125
78.125
78.125
84.375
84.375
84.375
84.375
84.375
84.375
84.375
84.375
84.375
84.375
84.375
84.375
84.375
84.375
84.375
84.375
84.375
84.375
84.375
84.375
84.375
84.375
84.375
84.375
84.375
84.375
84.375
84.375
84.375
84.375
84.375
84.375
84.375
84.375
84.375
84.375
84.375
84.375
84.375
84.375
84.375
84.375
84.375
