0.1953125
0.1953125
0.1953125
0.1953125
0.1953125
0.1953125
0.1953125
0.1953125
0.1953125
0.1953125
0.1953125
0.1953125
0.1953125
0.1953125
0.1953125
0.1953125
0.1953125
0.29296875
2.9296875
2.9296875
2.9296875
2.9296875
2.9296875
6.0546875
6.0546875
6.34765625
6.34765625
6.34765625
6.34765625
6.34765625
6.34765625
8.7890625
9.08203125
12.5
12.59765625
12.59765625
15.72265625
15.72265625
15.72265625
15.91796875
18.84765625
18.84765625
21.97265625
25.09765625
27.83203125
28.22265625
28.41796875
28.80859375
34.47265625
40.91796875
41.30859375
47.65625
65.33203125
74.8046875
81.15234375
84.27734375
87.5
87.5
87.5
87.5
87.5
87.5
87.5
87.5
87.5
90.625
90.625
90.625
90.625
90.625
93.75
93.75
93.75
93.75
93.75
93.75
93.75
93.75
93.75
93.75
93.75
93.75
93.75
93.75
93.75
96.6796875
96.6796875
96.875
96.875
99.8046875
100.0
