0.0
0.0
0.0
0.0
0.0
0.0
0.0
0.0
0.0
0.0
0.0
0.0
0.0
0.0
0.0
0.0
0.0
0.29296875
21.19140625
22.65625
28.125
29.00390625
30.17578125
31.0546875
31.25
31.25
31.25
31.25
31.25
31.25
31.25
31.25
31.25
46.875
46.875
46.875
46.875
62.5
62.5
62.5
65.625
65.625
65.625
78.125
78.125
78.125
78.125
78.125
84.375
84.375
84.375
84.375
84.375
84.375
84.375
84.375
84.375
84.375
84.375
84.375
84.375
84.375
84.375
84.375
90.234375
90.234375
90.234375
90.625
90.625
90.625
90.625
90.625
90.625
90.625
90.625
90.625
90.625
90.625
90.625
90.625
90.625
90.625
90.625
90.625
90.625
90.625
90.625
90.625
90.625
90.625
90.625
