0.16113572912494462
0.16113572912494462
0.16113572912494462
0.16113572912494462
0.16113572912494462
0.16113572912494462
0.16113572912494462
0.16113572912494462
0.16113572912494462
0.16113572912494462
0.16113572912494462
0.16113572912494462
0.16113572912494462
0.16113572912494462
0.16113572912494462
0.16113572912494462
0.16113572912494462
0.16113572912494462
0.16113572912494462
0.16113572912494462
0.16113572912494462
0.16113572912494462
0.16113572912494462
0.09560028874417145
0.09560028874417145
0.08890617626770982
0.08890617626770982
0.08890617626770982
0.08890617626770982
0.08890617626770982
0.08890617626770982
0.08890617626770982
0.08890617626770982
0.07059607265865243
0.0684647320800123
0.0684647320800123
0.061020356237814696
0.061020356237814696
0.061020356237814696
0.061036858664584914
0.058641674965978545
0.058641674965978545
0.05554296402196235
0.05406545844617349
0.050688804209835
0.05063517937388983
0.04849598999738434
0.04844682061367787
0.04700329442832314
0.04699832693824177
0.0469232151781456
0.04676445521039045
0.04408331259649046
0.04392897901822649
0.04394586518819433
0.04397579726138286
0.043051591818025835
0.043051591818025835
0.043051591818025835
0.043051591818025835
0.043051591818025835
0.043051591818025835
0.043051591818025835
0.043051591818025835
0.043051591818025835
0.04305374029342474
0.04305374029342474
0.04305374029342474
0.04305374029342474
0.04305374029342474
0.043051021483447686
0.043051021483447686
0.043051021483447686
0.043051021483447686
0.043051021483447686
0.043051021483447686
0.043051021483447686
0.043051021483447686
0.043051021483447686
0.043051021483447686
0.043051021483447686
0.043051021483447686
0.043051021483447686
0.043051021483447686
0.043051021483447686
0.043051021483447686
0.043051021483447686
0.043051021483447686
0.043051021483447686
0.043051021483447686
0.043051021483447686
