0.0
0.0
0.0
0.0
0.0
0.0
0.0
0.0
0.0
0.0
0.0
0.0
0.0
0.0
0.0
0.0
0.0
0.29296875
3.61328125
6.4453125
9.375
10.546875
18.45703125
26.66015625
31.15234375
31.15234375
31.15234375
31.15234375
31.15234375
31.15234375
31.15234375
31.15234375
31.15234375
46.77734375
46.77734375
46.77734375
46.77734375
62.40234375
62.40234375
62.40234375
65.52734375
65.52734375
65.52734375
78.02734375
78.02734375
78.02734375
78.02734375
78.02734375
84.27734375
84.27734375
84.27734375
84.27734375
84.27734375
84.27734375
84.27734375
84.27734375
84.27734375
84.27734375
84.27734375
84.27734375
84.27734375
84.27734375
84.27734375
84.27734375
90.13671875
90.13671875
90.13671875
90.52734375
90.52734375
90.52734375
90.52734375
90.52734375
90.52734375
90.52734375
90.52734375
90.52734375
90.52734375
90.52734375
90.52734375
90.52734375
96.38671875
96.38671875
96.38671875
96.58203125
96.77734375
96.77734375
96.77734375
96.77734375
96.77734375
96.77734375
96.77734375
