0.1953125
0.1953125
0.1953125
0.1953125
0.1953125
0.1953125
0.1953125
0.1953125
0.1953125
0.1953125
0.1953125
0.1953125
0.1953125
0.1953125
0.1953125
0.1953125
0.1953125
2.83203125
17.48046875
18.26171875
18.84765625
19.3359375
24.8046875
31.0546875
31.25
31.25
31.25
31.25
31.25
31.25
31.25
31.25
31.25
46.875
46.875
46.875
46.875
62.5
62.5
62.5
65.625
65.625
65.625
78.125
78.125
78.125
78.125
78.125
84.375
84.375
84.375
84.375
84.375
84.375
84.375
84.375
84.375
84.375
84.375
84.375
84.375
84.375
84.375
84.375
90.234375
90.234375
90.234375
90.625
90.625
90.625
90.625
90.625
90.625
90.625
90.625
90.625
90.625
90.625
90.625
90.625
96.484375
96.484375
96.484375
96.6796875
96.875
96.875
96.875
96.875
96.875
96.875
96.875
