0.0
0.0
0.0
0.0
0.0
0.0
0.0
0.0
0.0
0.0
0.0
0.0
0.0
0.0
0.0
0.0
0.0
0.390625
5.078125
5.078125
5.46875
10.15625
10.9375
11.71875
12.109375
12.5
12.5
12.5
12.5
12.890625
12.890625
13.28125
13.28125
18.75
18.75
18.75
18.75
18.75
18.75
19.53125
25.0
25.390625
25.78125
31.640625
36.328125
42.578125
42.578125
48.4375
50.0
55.46875
60.9375
69.921875
75.0
81.25
87.5
87.5
87.5
87.5
87.5
87.5
87.5
87.5
87.5
87.5
88.28125
93.75
93.75
93.75
93.75
93.75
100.0
100.0
100.0
100.0
100.0
100.0
100.0
100.0
100.0
100.0
100.0
100.0
100.0
100.0
100.0
100.0
100.0
100.0
100.0
100.0
100.0
