0.0
0.0
0.0
0.0
0.0
0.0
0.0
0.0
0.0
0.0
0.0
0.0
0.0
0.0
0.0
0.0
0.0
0.0
0.0
0.0
0.0
7.8125
12.5
12.5
12.5
12.5
12.5
12.5
12.5
12.5
12.5
14.0625
25.0
25.0
25.0
25.0
25.0
25.0
25.0
25.0
25.0
26.5625
34.375
48.4375
50.0
60.9375
62.5
62.5
62.5
62.5
70.3125
87.5
87.5
100.0
100.0
100.0
100.0
100.0
100.0
100.0
100.0
100.0
100.0
100.0
100.0
100.0
100.0
100.0
100.0
100.0
100.0
100.0
100.0
100.0
100.0
100.0
100.0
100.0
100.0
100.0
100.0
100.0
100.0
100.0
100.0
100.0
100.0
100.0
100.0
100.0
100.0
