1.171875
1.171875
1.171875
1.171875
1.171875
1.171875
1.171875
1.171875
1.171875
1.171875
1.171875
1.171875
1.171875
1.171875
1.171875
1.171875
1.171875
1.953125
6.640625
7.03125
11.328125
11.328125
12.890625
12.890625
12.890625
13.671875
13.671875
13.671875
13.671875
13.671875
14.0625
14.453125
18.75
19.921875
19.921875
19.921875
19.921875
19.921875
19.921875
20.703125
26.171875
26.171875
26.171875
32.03125
32.03125
38.28125
38.28125
41.40625
46.484375
51.5625
57.421875
75.0
75.78125
82.421875
87.5
87.5
87.5
87.5
87.5
87.5
87.5
92.96875
93.75
93.75
93.75
93.75
93.75
93.75
93.75
99.21875
100.0
100.0
100.0
100.0
100.0
100.0
100.0
100.0
100.0
100.0
100.0
100.0
100.0
100.0
100.0
100.0
100.0
100.0
100.0
100.0
100.0
