0.1644567177775973
0.1644567177775973
0.1644567177775973
0.1644567177775973
0.1644567177775973
0.1644567177775973
0.1644567177775973
0.1644567177775973
0.1644567177775973
0.1644567177775973
0.1644567177775973
0.1644567177775973
0.1644567177775973
0.1644567177775973
0.1644567177775973
0.1644567177775973
0.1644567177775973
0.1644567177775973
0.1644567177775973
0.1644567177775973
0.15736643161980932
0.09645726945649258
0.09523004825551494
0.07713705381384202
0.07713705381384202
0.07713705381384202
0.07713705381384202
0.07713705381384202
0.07713705381384202
0.07713705381384202
0.07713705381384202
0.07471810591969122
0.068727974626405
0.068727974626405
0.068727974626405
0.068727974626405
0.068727974626405
0.068727974626405
0.068727974626405
0.068727974626405
0.068727974626405
0.06733875754220302
0.06506239884737769
0.06185728322974172
0.06191697682360372
0.06224136623737187
0.06159345542533843
0.06159345542533843
0.06159345542533843
0.06159345542533843
0.06164878670689496
0.06130119073445061
0.06130119073445061
0.06126630237701034
0.06126630237701034
0.06126630237701034
0.06126630237701034
0.06126630237701034
0.06126630237701034
0.06126630237701034
0.06126630237701034
0.06126630237701034
0.06126630237701034
0.06126630237701034
0.06126630237701034
0.06126630237701034
0.06126630237701034
0.06126630237701034
0.06126630237701034
0.06126630237701034
0.06126630237701034
0.06126630237701034
0.06126630237701034
0.06126630237701034
0.06126630237701034
0.06126630237701034
0.06126630237701034
0.06126630237701034
0.06126630237701034
0.06126630237701034
0.06126630237701034
0.06126630237701034
0.06126630237701034
0.06126630237701034
0.06126630237701034
0.06126630237701034
0.06126630237701034
0.06126630237701034
0.06126630237701034
0.06126630237701034
0.06126630237701034
