0.0
0.0
0.0
0.0
0.0
0.0
0.0
0.0
0.0
0.0
0.0
0.0
0.0
0.0
0.0
0.0
0.0
0.0
0.0
0.0
0.0
0.0
0.0
3.3203125
3.3203125
6.25
6.25
6.25
6.25
6.25
6.25
6.25
6.25
9.5703125
12.5
12.5
15.625
15.625
15.625
15.8203125
18.75
18.75
21.875
25.0
27.83203125
28.125
30.95703125
31.0546875
34.375
40.625
43.5546875
46.97265625
59.765625
69.140625
78.3203125
81.4453125
87.5
87.5
87.5
87.5
87.5
87.5
87.5
87.5
87.5
90.625
90.625
90.625
90.625
90.625
93.75
93.75
93.75
93.75
93.75
93.75
93.75
93.75
93.75
93.75
93.75
93.75
93.75
93.75
93.75
93.75
93.75
93.75
93.75
93.75
93.75
