0.23425355736423584
0.23425355736423584
0.23425355736423584
0.23425355736423584
0.23425355736423584
0.23425355736423584
0.23425355736423584
0.23425355736423584
0.23425355736423584
0.23425355736423584
0.23425355736423584
0.23425355736423584
0.23425355736423584
0.23425355736423584
0.23425355736423584
0.23425355736423584
0.23425355736423584
0.23425355736423584
0.23425355736423584
0.23425355736423584
0.23425355736423584
0.17398977417293407
0.13482981079504733
0.13482981079504733
0.13482981079504733
0.13482981079504733
0.13482981079504733
0.13482981079504733
0.13482981079504733
0.13482981079504733
0.13482981079504733
0.13482981079504733
0.1330304608887843
0.1330304608887843
0.1330304608887843
0.1330304608887843
0.1330304608887843
0.1330304608887843
0.1330304608887843
0.1330304608887843
0.1330304608887843
0.1321154189347808
0.12821104053867485
0.12821104053867485
0.12821104053867485
0.12821104053867485
0.12821104053867485
0.1281370758611365
0.1281370758611365
0.1281370758611365
0.1281370758611365
0.1281370758611365
0.1281370758611365
0.1281370758611365
0.1281370758611365
0.1281370758611365
0.1281370758611365
0.1281370758611365
0.1281370758611365
0.1281370758611365
0.1281370758611365
0.1281370758611365
0.1281370758611365
0.1281370758611365
0.1281370758611365
0.1281370758611365
0.1281370758611365
0.1281370758611365
0.1281370758611365
0.1281370758611365
0.1281370758611365
0.1281370758611365
0.1281370758611365
0.1281370758611365
0.1281370758611365
0.1281370758611365
0.1281370758611365
0.1281370758611365
0.1281370758611365
0.1281370758611365
0.1281370758611365
0.1281370758611365
0.1281370758611365
0.1281370758611365
0.1281370758611365
0.1281370758611365
0.1281370758611365
0.1281370758611365
0.1281370758611365
0.1281370758611365
0.1281370758611365
