0.0
0.0
0.0
0.0
0.0
0.0
0.0
0.0
0.0
0.0
0.0
0.0
0.0
0.0
0.0
0.0
0.0
0.09765625
2.63671875
2.63671875
2.63671875
2.63671875
2.63671875
5.95703125
6.0546875
6.25
6.25
6.25
6.25
6.25
6.25
6.4453125
9.1796875
12.40234375
12.5
12.5
15.625
15.625
15.625
15.8203125
18.75
18.75
21.875
25.0
27.9296875
28.125
30.6640625
31.0546875
34.375
40.625
43.5546875
49.609375
65.234375
76.953125
81.25
84.27734375
87.5
87.5
87.5
87.5
87.5
87.5
87.5
87.5
87.5
90.625
90.625
90.625
90.625
90.625
93.75
93.75
93.75
93.75
93.75
93.75
93.75
93.75
93.75
93.75
93.75
93.75
93.75
93.75
93.75
96.6796875
96.6796875
96.875
96.875
99.8046875
100.0
