0.0
0.0
0.0
0.0
0.0
0.0
0.0
0.0
0.0
0.0
0.0
0.0
6.25
9.375
9.375
9.375
9.375
9.375
9.375
9.375
9.375
9.375
9.375
14.0625
14.0625
14.0625
14.0625
14.0625
14.0625
14.0625
17.236328125
18.75
18.75
18.75
18.75
21.875
35.83984375
43.75
46.923828125
50.0
51.611328125
53.125
53.125
53.125
54.6875
54.6875
62.5
62.5
63.916015625
64.013671875
68.75
75.0
79.541015625
84.375
85.9375
85.9375
85.9375
85.9375
85.9375
85.9375
85.9375
85.9375
85.9375
87.451171875
87.451171875
87.5
87.5
87.5
89.0625
89.0625
89.0625
89.0625
90.576171875
90.576171875
90.625
90.625
90.625
90.625
90.625
90.625
90.625
90.625
90.625
90.625
90.625
90.625
90.625
92.138671875
92.138671875
92.1875
92.1875
92.1875
92.1875
92.1875
92.1875
92.1875
92.1875
92.1875
92.1875
92.1875
92.1875
92.1875
92.1875
92.1875
92.1875
92.1875
92.1875
92.1875
92.1875
92.1875
92.1875
92.1875
92.1875
92.1875
92.1875
92.1875
92.1875
92.1875
92.1875
92.1875
92.1875
92.1875
92.1875
92.1875
92.1875
92.1875
92.1875
