0.21266750052916047
0.21266750052916047
0.21266750052916047
0.21266750052916047
0.21266750052916047
0.2124011039745758
0.21248456308468194
0.21248456308468194
0.1716813279964442
0.1716813279964442
0.1716813279964442
0.1716813279964442
0.15264889328068013
0.13817382295397615
0.13817382295397615
0.13817382295397615
0.13817382295397615
0.13817382295397615
0.13817382295397615
0.13817382295397615
0.13817382295397615
0.13817382295397615
0.13817382295397615
0.09344632496241188
0.09344632496241188
0.093506626685884
0.09379013817454734
0.09388147480747405
0.09388147480747405
0.09388147480747405
0.09388147480747405
0.09510462886826103
0.09510462886826103
0.09510462886826103
0.09344672050921153
0.07688225201879889
0.06449036578108427
0.04663793322909036
0.03833027902786026
0.030466339187062725
0.03046681207959271
0.028624135296046283
0.028024706894437923
0.028024706894437923
0.028024706894437923
0.026066782320944414
0.026309389695668844
0.0260165088154837
0.0260165088154837
0.026014558190748424
0.025726719973243252
0.024959069484375943
0.024946203285854295
0.0227703645972531
0.0227703645972531
0.0227703645972531
0.0227703645972531
0.0227703645972531
0.0227703645972531
0.0227703645972531
0.0227703645972531
0.0227703645972531
0.0227703645972531
0.0227703645972531
0.0227703645972531
0.0227703645972531
0.0227703645972531
0.022617504619526586
0.022617504619526586
0.022617504619526586
0.022617504619526586
0.022617504619526586
0.02261405208174128
0.022614033535210343
0.022614033535210343
0.022614033535210343
0.022614033535210343
0.022614033535210343
0.022614033535210343
0.022614033535210343
0.022614033535210343
0.022614033535210343
0.022614033535210343
0.022614033535210343
0.022614033535210343
0.022614033535210343
0.022614033535210343
0.0226159778238612
0.022615974290330923
0.022615974290330923
0.022615974290330923
