0.0
0.0
0.0
0.0
0.0
0.0
0.0
0.0
0.0
0.0
0.0
0.0
3.22265625
12.5
12.5
12.5
12.5
12.5
12.5
12.5
12.5
12.5
12.5
18.75
18.75
18.75
18.75
18.75
18.75
18.75
18.9453125
25.0
25.0
25.0
28.125
36.9140625
46.875
50.5859375
56.54296875
65.72265625
65.8203125
66.015625
68.75
68.75
68.75
74.609375
74.8046875
75.0
75.0
75.0
81.25
81.25
81.25
90.625
90.625
90.625
90.625
90.625
90.625
90.625
90.625
90.625
90.625
90.625
90.625
90.625
90.625
90.8203125
93.75
93.75
93.75
93.75
93.75
93.75
93.75
93.75
93.75
93.75
93.75
93.75
93.75
93.75
93.75
93.75
93.75
93.75
93.75
93.75
93.75
93.75
93.75
93.75
93.75
93.75
93.75
93.75
93.75
93.75
93.75
93.75
93.75
93.75
93.75
93.75
93.75
93.75
93.75
93.75
93.75
93.75
93.75
93.75
93.75
93.75
93.75
93.75
93.75
93.75
93.75
93.75
93.75
93.75
93.75
93.75
93.75
93.75
93.75
