0.09765625
0.09765625
0.09765625
0.09765625
0.09765625
0.09765625
0.09765625
0.09765625
0.09765625
0.09765625
0.09765625
0.09765625
6.34765625
9.47265625
9.47265625
9.47265625
9.47265625
9.47265625
9.47265625
9.47265625
9.47265625
9.47265625
9.47265625
14.16015625
14.16015625
14.16015625
14.16015625
14.16015625
14.16015625
14.16015625
17.333984375
18.84765625
18.84765625
18.84765625
18.84765625
21.97265625
35.888671875
43.798828125
46.97265625
50.048828125
51.66015625
53.173828125
53.173828125
53.173828125
54.736328125
54.736328125
62.548828125
62.548828125
62.548828125
64.0380859375
68.7744140625
75.0244140625
78.1494140625
84.375
85.9375
85.9375
85.9375
85.9375
85.9375
85.9375
85.9375
85.9375
85.9375
87.4267578125
87.4267578125
87.4755859375
87.4755859375
87.4755859375
89.0380859375
89.0380859375
89.0380859375
89.0380859375
90.5517578125
90.6005859375
90.6005859375
90.6005859375
90.6005859375
90.6005859375
90.6005859375
90.6005859375
90.6005859375
90.6005859375
90.6005859375
90.6005859375
90.6005859375
90.6005859375
90.6005859375
92.1142578125
92.1630859375
92.1630859375
93.6767578125
