0.0
0.0
0.0
0.0
0.0
0.0
0.0
0.0
0.0
0.0
0.0
0.0
0.0
0.0
0.0
0.0
1.171875
1.5625
22.65625
31.640625
39.0625
42.1875
50.390625
62.109375
62.109375
62.109375
62.109375
62.109375
62.109375
62.109375
65.625
65.625
65.625
80.859375
80.859375
80.859375
80.859375
80.859375
80.859375
81.640625
87.109375
87.109375
94.140625
99.609375
99.609375
99.609375
99.609375
99.609375
99.609375
99.609375
99.609375
99.609375
99.609375
99.609375
99.609375
99.609375
99.609375
99.609375
99.609375
99.609375
99.609375
99.609375
99.609375
99.609375
99.609375
99.609375
99.609375
99.609375
99.609375
99.609375
99.609375
99.609375
99.609375
99.609375
99.609375
99.609375
99.609375
99.609375
99.609375
99.609375
99.609375
99.609375
99.609375
99.609375
99.609375
99.609375
99.609375
99.609375
99.609375
99.609375
99.609375
