0.0
0.0
0.0
0.0
0.0
0.0
0.0
0.0
0.0
0.0
0.0
0.0
0.0
0.0
0.0
0.0
0.0
0.0
0.0
0.0
0.0
0.146484375
5.029296875
15.625
15.625
15.625
15.625
15.625
15.625
15.625
15.625
15.625
15.625
29.6875
29.6875
29.6875
29.6875
29.78515625
32.8125
32.8125
32.8125
34.375
34.375
48.681640625
56.25
56.25
56.25
56.25
56.25
65.625
65.625
65.625
65.625
65.625
65.625
65.625
67.1875
68.65234375
68.65234375
76.220703125
79.248046875
79.345703125
79.345703125
79.58984375
84.228515625
84.228515625
84.228515625
84.375
84.375
84.375
84.375
84.375
84.375
84.375
84.375
84.375
84.375
84.375
84.375
84.375
84.375
84.375
84.375
84.375
84.375
84.375
84.375
84.375
84.375
84.375
84.375
84.375
84.375
84.375
84.375
84.375
84.375
84.375
84.375
84.375
84.375
84.375
84.375
84.375
84.375
84.375
84.375
84.375
84.375
84.375
84.375
84.375
84.375
84.375
84.375
84.375
84.375
84.375
84.375
84.375
84.375
84.375
84.375
84.375
84.375
84.375
84.375
