0.2186208840954455
0.2186208840954455
0.2186208840954455
0.2186208840954455
0.2186208840954455
0.2186208840954455
0.2186208840954455
0.2186208840954455
0.2186208840954455
0.2186208840954455
0.2186208840954455
0.2186208840954455
0.14680010205245203
0.14367735968100226
0.14367735968100226
0.14367735968100226
0.14367735968100226
0.14367735968100226
0.14367735968100226
0.14367735968100226
0.14367735968100226
0.14367735968100226
0.14367735968100226
0.09846811120460526
0.09846811120460526
0.09846811120460526
0.09846811120460526
0.09846811120460526
0.09846811120460526
0.09846811120460526
0.10059745101715743
0.10059745101715743
0.10059745101715743
0.10059745101715743
0.10059745101715743
0.0978591068715132
0.09263044229667036
0.05841523682318019
0.0574544457339393
0.049485632144253444
0.04842643282404703
0.04728366949155763
0.04728366949155763
0.04728366949155763
0.047452683071560135
0.047452683071560135
0.04199841061794123
0.04199841061794123
0.04199841061794123
0.042167076123049686
0.041917220018311635
0.04143282975021769
0.040715777252552376
0.03911378788674522
0.03880881042416869
0.03880881042416869
0.03880881042416869
0.03880881042416869
0.03880881042416869
0.03880881042416869
0.03880881042416869
0.03880881042416869
0.03880881042416869
0.03880881042416869
0.03878729607995144
0.03878729607995144
0.03878305557162015
0.03878305557162015
0.038711746788877524
0.038711746788877524
0.038711746788877524
0.038711746788877524
0.038711746788877524
0.038711746788877524
0.038711746788877524
0.038711746788877524
0.038711746788877524
0.038711746788877524
0.038711746788877524
0.038711746788877524
0.038711746788877524
0.038711746788877524
0.038711746788877524
0.038711746788877524
0.038711746788877524
0.038711746788877524
0.038711746788877524
0.038711746788877524
0.038711746788877524
0.038711746788877524
0.038711746788877524
0.038711746788877524
0.038711746788877524
0.038711746788877524
0.038711746788877524
0.038711746788877524
0.038711746788877524
0.038711746788877524
0.038711746788877524
0.038711746788877524
0.038711746788877524
0.038711746788877524
0.038711746788877524
0.038711746788877524
0.038711746788877524
0.038711746788877524
0.038711746788877524
0.038711746788877524
0.038711746788877524
0.038711746788877524
0.038711746788877524
0.038711746788877524
0.038711746788877524
0.038711746788877524
0.038711746788877524
0.038711746788877524
0.038711746788877524
0.038711746788877524
0.038711746788877524
0.038711746788877524
0.038711746788877524
0.038711746788877524
0.038711746788877524
0.038711746788877524
0.038711746788877524
0.038711746788877524
0.038711746788877524
