0.1220703125
0.1220703125
0.1220703125
0.1220703125
0.1220703125
0.1220703125
0.1220703125
0.1220703125
0.1220703125
0.1220703125
0.1220703125
0.1220703125
0.1220703125
0.1220703125
0.1220703125
0.1220703125
0.1220703125
0.1220703125
0.1220703125
0.1220703125
0.1220703125
0.2685546875
5.126953125
15.625
15.625
15.625
15.625
15.625
15.625
15.625
15.625
15.625
15.625
29.6875
29.6875
29.6875
29.6875
29.78515625
32.8125
32.8125
32.8125
34.375
34.375
48.681640625
56.25
56.25
56.25
56.25
56.25
65.625
65.625
65.625
65.625
65.625
65.625
65.625
67.138671875
67.138671875
67.138671875
76.220703125
76.220703125
76.26953125
76.26953125
79.638671875
84.130859375
84.130859375
84.228515625
84.375
84.375
84.375
84.375
84.375
87.40234375
87.40234375
87.40234375
87.40234375
87.5
87.5
87.5
87.5
87.5
87.5
90.4296875
90.52734375
90.52734375
90.625
90.625
90.625
90.625
90.625
90.625
