0.0
0.0
0.0
0.0
0.390625
0.390625
0.390625
0.390625
5.078125
5.078125
5.078125
10.15625
11.71875
18.75
18.75
18.75
18.75
18.75
18.75
18.75
18.75
18.75
19.140625
25.0
25.0
25.0
25.0
25.0
25.0
25.0
25.0
31.25
31.25
31.25
43.359375
50.0
68.75
68.75
75.0
75.0
75.390625
75.390625
80.078125
80.078125
80.078125
80.46875
81.25
81.25
81.25
81.25
81.25
81.25
81.25
93.75
93.75
93.75
93.75
93.75
93.75
93.75
93.75
93.75
93.75
93.75
93.75
93.75
93.75
100.0
100.0
100.0
100.0
100.0
100.0
100.0
100.0
100.0
100.0
100.0
100.0
100.0
100.0
100.0
100.0
100.0
100.0
100.0
100.0
100.0
100.0
100.0
100.0
100.0
100.0
100.0
100.0
100.0
100.0
100.0
100.0
100.0
100.0
100.0
100.0
100.0
100.0
100.0
100.0
100.0
100.0
100.0
100.0
100.0
100.0
100.0
100.0
100.0
100.0
100.0
100.0
100.0
100.0
100.0
100.0
100.0
100.0
100.0
100.0
