0.0
0.0
0.0
0.0
0.0
0.0
0.0
0.0
0.0
0.0
0.0
0.0
0.0
0.0
0.0
0.0
0.0
0.0
0.0
0.0
7.421875
7.421875
7.421875
7.421875
7.421875
7.421875
7.421875
7.421875
7.421875
7.421875
7.421875
7.421875
7.421875
7.421875
7.421875
7.421875
7.421875
7.421875
14.84375
14.84375
14.84375
14.84375
14.84375
14.84375
14.84375
14.84375
14.84375
14.84375
14.84375
14.84375
14.84375
14.84375
14.84375
14.84375
14.84375
14.84375
14.84375
14.84375
14.84375
14.84375
14.84375
14.84375
14.84375
14.84375
14.84375
14.84375
14.84375
14.84375
14.84375
14.84375
14.84375
14.84375
14.84375
14.84375
14.84375
14.84375
14.84375
14.84375
14.84375
14.84375
14.84375
14.84375
14.84375
14.84375
14.84375
14.84375
14.84375
14.84375
14.84375
14.84375
14.84375
