0.29036281939083664
0.29036281939083664
0.29036281939083664
0.29036281939083664
0.29036281939083664
0.29036281939083664
0.29036281939083664
0.29036281939083664
0.29036281939083664
0.29036281939083664
0.29036281939083664
0.22398460098581993
0.20086202747585957
0.20086202747585957
0.20086202747585957
0.20086202747585957
0.20086202747585957
0.20086202747585957
0.20086202747585957
0.20086202747585957
0.20086202747585957
0.1677206110325487
0.13153141189667925
0.13153141189667925
0.13153141189667925
0.13153141189667925
0.13153141189667925
0.13153141189667925
0.12054085097392774
0.12054085097392774
0.12054085097392774
0.12054085097392774
0.12054085097392774
0.12054085097392774
0.12054085097392774
0.12054085097392774
0.12054085097392774
0.12054085097392774
0.12054085097392774
0.12054085097392774
0.12054085097392774
0.12054085097392774
0.12054085097392774
0.12054085097392774
0.12054085097392774
0.12054085097392774
0.12054085097392774
0.12054085097392774
0.12054085097392774
0.12054085097392774
0.12054085097392774
0.12054085097392774
0.12054085097392774
0.12054085097392774
0.12054085097392774
0.12054085097392774
0.12054085097392774
0.12054085097392774
0.12054085097392774
0.12054085097392774
0.12054085097392774
0.12054085097392774
0.12054085097392774
0.12054085097392774
0.12054085097392774
0.12054085097392774
0.12054085097392774
0.12054085097392774
0.12054085097392774
0.12054085097392774
0.12054085097392774
0.12054085097392774
0.12054085097392774
0.12054085097392774
0.12054085097392774
0.12054085097392774
0.12054085097392774
0.12054085097392774
0.12054085097392774
0.12054085097392774
0.12054085097392774
0.12054085097392774
0.12054085097392774
0.12054085097392774
0.12054085097392774
0.12054085097392774
0.12054085097392774
0.12054085097392774
0.12054085097392774
0.12054085097392774
0.12054085097392774
0.12054085097392774
0.12054085097392774
0.12054085097392774
0.12054085097392774
0.12054085097392774
0.12054085097392774
0.12054085097392774
0.12054085097392774
0.12054085097392774
0.12054085097392774
0.12054085097392774
0.12054085097392774
0.12054085097392774
0.12054085097392774
0.12054085097392774
0.12054085097392774
0.12054085097392774
0.12054085097392774
0.12054085097392774
0.12054085097392774
0.12054085097392774
0.12054085097392774
0.12054085097392774
0.12054085097392774
0.12054085097392774
0.12054085097392774
0.12054085097392774
0.12054085097392774
0.12054085097392774
0.12054085097392774
0.12054085097392774
0.12054085097392774
0.12054085097392774
0.12054085097392774
0.12054085097392774
0.12054085097392774
