0.2900013876301754
0.2900013876301754
0.2900013876301754
0.2900013876301754
0.2900013876301754
0.2900013876301754
0.2900013876301754
0.2900013876301754
0.2900013876301754
0.2900013876301754
0.2900013876301754
0.23697168347827768
0.20090460965124296
0.20090460965124296
0.20090460965124296
0.20090460965124296
0.20090460965124296
0.20090460965124296
0.20090460965124296
0.20090460965124296
0.20090460965124296
0.17588477536437389
0.1316692609385188
0.1316692609385188
0.1316692609385188
0.1316692609385188
0.1316692609385188
0.1316692609385188
0.12060579792636261
0.12060579792636261
0.12060579792636261
0.12060579792636261
0.12060579792636261
0.12060579792636261
0.12060579792636261
0.12060579792636261
0.12060579792636261
0.12060579792636261
0.12060579792636261
0.12060579792636261
0.12060579792636261
0.12060579792636261
0.12060579792636261
0.12060579792636261
0.12060579792636261
0.12060579792636261
0.12060579792636261
0.12060579792636261
0.12060579792636261
0.12060579792636261
0.12060579792636261
0.12060579792636261
0.12060579792636261
0.12060579792636261
0.12060579792636261
0.12060579792636261
0.12060579792636261
0.12060579792636261
0.12060579792636261
0.12060579792636261
0.12060579792636261
0.12060579792636261
0.12060579792636261
0.12060579792636261
0.12060579792636261
0.12060579792636261
0.12060579792636261
0.12060579792636261
0.12060579792636261
0.12060579792636261
0.12060579792636261
0.12060579792636261
0.12060579792636261
0.12060579792636261
0.12060579792636261
0.12060579792636261
0.12060579792636261
0.12060579792636261
0.12060579792636261
0.12060579792636261
0.12060579792636261
0.12060579792636261
0.12060579792636261
0.12060579792636261
0.12060579792636261
0.12060579792636261
0.12060579792636261
0.12060579792636261
0.12060579792636261
0.12060579792636261
0.12060579792636261
