0.2097428627701056
0.2097428627701056
0.2097428627701056
0.2097428627701056
0.21011882292408382
0.21011882292408382
0.21011882292408382
0.21011882292408382
0.16452460265245833
0.16452460265245833
0.16452460265245833
0.14050420689253434
0.1395542986578812
0.12965033054419625
0.12965033054419625
0.12965033054419625
0.12965033054419625
0.12965033054419625
0.12965033054419625
0.12965033054419625
0.12965033054419625
0.12965033054419625
0.12955011457706817
0.08352427313169788
0.08352427313169788
0.08352427313169788
0.08352427313169788
0.08352427313169788
0.08352427313169788
0.08352427313169788
0.08352427313169788
0.0861873839174539
0.0861873839174539
0.0861873839174539
0.08297642171979518
0.06838063500998345
0.04807233878772871
0.04807233878772871
0.045926364231611616
0.045926364231611616
0.04585170647860096
0.04585170647860096
0.0460205151718814
0.0460205151718814
0.0460205151718814
0.045886900381354526
0.04553573667972347
0.04553573667972347
0.04553573667972347
0.04553573667972347
0.04553573667972347
0.04553573667972347
0.04553573667972347
0.04432914188958452
0.04432914188958452
0.04432914188958452
0.04432914188958452
0.04432914188958452
0.04432914188958452
0.04432914188958452
0.04432914188958452
0.04432914188958452
0.04432914188958452
0.04432914188958452
0.04432914188958452
0.04432914188958452
0.04432914188958452
0.043924767016071196
0.043924767016071196
0.043924767016071196
0.043924767016071196
0.043924767016071196
0.043924767016071196
0.043924767016071196
0.043924767016071196
0.043924767016071196
0.043924767016071196
0.043924767016071196
0.043924767016071196
0.043924767016071196
0.043924767016071196
0.043924767016071196
0.043924767016071196
0.043924767016071196
0.043924767016071196
0.043924767016071196
0.043924767016071196
0.043924767016071196
0.043924767016071196
0.043924767016071196
0.043924767016071196
0.043924767016071196
0.043924767016071196
0.043924767016071196
0.043924767016071196
0.043924767016071196
0.043924767016071196
0.043924767016071196
0.043924767016071196
0.043924767016071196
0.043924767016071196
0.043924767016071196
0.043924767016071196
0.043924767016071196
0.043924767016071196
0.043924767016071196
0.043924767016071196
0.043924767016071196
0.043924767016071196
0.043924767016071196
0.043924767016071196
0.043924767016071196
0.043924767016071196
0.043924767016071196
0.043924767016071196
0.043924767016071196
0.043924767016071196
0.043924767016071196
0.043924767016071196
0.043924767016071196
0.043924767016071196
0.043924767016071196
0.043924767016071196
0.043924767016071196
0.043924767016071196
0.043924767016071196
0.043924767016071196
