0.2144902643143982
0.2144902643143982
0.2144902643143982
0.2144902643143982
0.2144902643143982
0.2144902643143982
0.2144902643143982
0.2144902643143982
0.2144902643143982
0.2144902643143982
0.2144902643143982
0.2144902643143982
0.14223730648710636
0.13952339728726576
0.13952339728726576
0.13952339728726576
0.13952339728726576
0.13952339728726576
0.13952339728726576
0.13952339728726576
0.13952339728726576
0.13952339728726576
0.13952339728726576
0.09344179155155707
0.09344179155155707
0.09344179155155707
0.09344179155155707
0.09344179155155707
0.09344179155155707
0.09344179155155707
0.09516695093432621
0.09557492192487985
0.09557492192487985
0.09557492192487985
0.09557492192487985
0.0922124701310238
0.07654877225829054
0.0580455497099849
0.04710623354635119
0.03642482763791165
0.0350548847012967
0.03335523462323974
0.03335523462323974
0.03335523462323974
0.03355763144898607
0.03355763144898607
0.026287864626148058
0.026287864626148058
0.026287864626148058
0.026418001187447117
0.025514315184385242
0.024835924086179476
0.02350892934087474
0.0207187533651647
0.01996497064944577
0.01996497064944577
0.01996497064944577
0.01996497064944577
0.01996497064944577
0.01996497064944577
0.01996497064944577
0.01996497064944577
0.01996497064944577
0.02005476464347641
0.02005476464347641
0.020050536702895198
0.020050536702895198
0.020050536702895198
0.020003834398987973
0.020003834398987973
0.020003834398987973
0.020003834398987973
0.020000350316679762
0.020000326320990223
0.020000326320990223
0.020000326320990223
0.020000326320990223
0.020000326320990223
0.020000326320990223
0.020000326320990223
0.020000326320990223
0.020000326320990223
0.020000326320990223
0.020000326320990223
0.020000326320990223
0.020000326320990223
0.020000326320990223
0.020001200998800744
0.020001195001831513
0.020001195001831513
0.0200011008736798
