0.1953125
0.1953125
0.1953125
0.1953125
0.1953125
0.29296875
0.390625
0.390625
2.9296875
2.9296875
2.9296875
2.9296875
6.0546875
12.59765625
12.59765625
12.59765625
12.59765625
12.59765625
12.59765625
12.59765625
12.59765625
12.59765625
12.59765625
18.9453125
18.9453125
19.04296875
21.484375
21.58203125
21.58203125
21.58203125
21.58203125
25.0
25.0
25.0
27.9296875
37.3046875
49.70703125
56.15234375
59.27734375
66.11328125
66.2109375
68.5546875
68.75
68.75
68.75
72.0703125
72.4609375
75.0
75.0
77.9296875
81.25
83.59375
83.88671875
90.625
90.625
90.625
90.625
90.625
90.625
90.625
90.625
90.625
90.625
90.625
90.625
90.625
90.625
93.75
93.75
93.75
93.75
93.75
96.6796875
96.875
96.875
96.875
96.875
96.875
96.875
96.875
96.875
96.875
96.875
96.875
96.875
96.875
96.875
99.8046875
100.0
100.0
100.0
