0.0
0.0
0.0
0.0
0.0
0.0
0.0
0.0
0.0
0.0
0.0
0.0
0.0
0.0
0.0
0.0
0.0
0.0
0.0
0.0
7.8125
7.8125
7.8125
7.8125
7.8125
7.8125
7.8125
7.8125
7.8125
7.8125
7.8125
7.8125
7.8125
10.15625
10.15625
10.15625
10.15625
10.15625
16.40625
16.40625
16.40625
16.40625
16.40625
16.40625
16.44287109375
16.44287109375
16.650390625
18.9208984375
18.9208984375
29.6875
40.625
40.625
40.625
40.625
40.625
40.625
40.625
40.625
40.625
40.625
40.625
40.625
40.625
40.625
40.625
40.625
40.625
40.625
40.625
40.625
40.625
40.625
40.625
40.625
40.625
40.625
40.625
40.625
40.625
40.625
40.625
40.625
40.625
40.625
40.625
40.625
40.625
40.625
40.625
40.625
40.625
40.625
40.625
40.625
40.625
40.625
40.625
40.625
40.625
40.625
40.625
40.625
40.625
40.625
40.625
40.625
40.625
40.625
40.625
40.625
40.625
40.625
40.625
40.625
40.625
40.625
40.625
40.625
40.625
40.625
40.625
40.625
40.625
40.625
40.625
40.625
40.625
