0.21410645244895612
0.21410645244895612
0.21410645244895612
0.21410645244895612
0.21410645244895612
0.21410645244895612
0.21410645244895612
0.21410645244895612
0.21410645244895612
0.21410645244895612
0.21410645244895612
0.21410645244895612
0.1401432083528362
0.1401432083528362
0.1401432083528362
0.1401432083528362
0.1401432083528362
0.1401432083528362
0.1401432083528362
0.1401432083528362
0.1401432083528362
0.1401432083528362
0.09917818649897155
0.09534764810537168
0.09534764810537168
0.09534764810537168
0.09534764810537168
0.09534764810537168
0.09534764810537168
0.09534764810537168
0.09721301562926578
0.09721301562926578
0.09721301562926578
0.09721301562926578
0.09721301562926578
0.09721162298985105
0.08478402782583491
0.05450414993864998
0.046320148859696104
0.0444955498448153
0.04235299864432614
0.04236022812272696
0.04236022812272696
0.04141370718608347
0.04141370718608347
0.04141370718608347
0.029261743595547087
0.029268694327712858
0.029268694327712858
0.029459921620194448
0.02945869280549168
0.02812712392319135
0.027456596984292293
0.024788390572426225
0.023432336400185265
0.023432328128938695
0.023432178111536785
0.023432243231108554
0.023432243231108554
0.023432357003574083
0.02343326394202315
0.023433498641846788
0.023433588766042655
0.023433615659623326
0.02343329980114607
0.02343299259012408
0.023433228381057304
0.023433228381057304
0.023433086930864523
0.023433002387313107
0.023433036097245435
0.023434969363931954
0.023433545507432256
0.023433545507432256
0.023433545507432256
0.023433545507432256
0.023433545507432256
0.023433545507432256
0.023433545507432256
0.023433545507432256
0.023433545507432256
0.023433545507432256
0.023433545507432256
0.023433545507432256
0.023433545507432256
0.023433545507432256
0.023433545507432256
0.023433545507432256
0.023433545507432256
0.023433545507432256
0.023433545507432256
0.023433545507432256
0.023433545507432256
0.023433545507432256
0.023433545507432256
0.023433545507432256
0.023433545507432256
0.023433545507432256
0.023433545507432256
0.023433545507432256
0.023433545507432256
0.023433545507432256
0.023433545507432256
0.023433545507432256
0.023433545507432256
0.023433545507432256
0.023433545507432256
0.023433545507432256
0.023433545507432256
0.023433545507432256
0.023433545507432256
0.023433545507432256
0.023433545507432256
0.023433545507432256
0.023433545507432256
0.023433545507432256
0.023433545507432256
0.023433545507432256
0.023433545507432256
0.023433545507432256
0.023433545507432256
0.023433545507432256
0.023433545507432256
0.023433545507432256
0.023433545507432256
0.023433545507432256
0.023433545507432256
