0.21391353495708793
0.21391353495708793
0.21391353495708793
0.21391353495708793
0.21391353495708793
0.21391353495708793
0.21391353495708793
0.21391353495708793
0.21391353495708793
0.21391353495708793
0.21391353495708793
0.21391353495708793
0.1396138658498936
0.1396138658498936
0.1396138658498936
0.1396138658498936
0.1396138658498936
0.1396138658498936
0.1396138658498936
0.1396138658498936
0.1396138658498936
0.1396138658498936
0.1396138658498936
0.09445641688881787
0.09445641688881787
0.09445641688881787
0.09445641688881787
0.09445641688881787
0.09445641688881787
0.09445641688881787
0.09640626967807188
0.09640626967807188
0.09640626967807188
0.09640626967807188
0.09640626967807188
0.09640626967807188
0.09213771309838723
0.05444562370218491
0.05444562370218491
0.04448230464605305
0.042256977815753445
0.042256977815753445
0.042256977815753445
0.042256977815753445
0.042256977815753445
0.042256977815753445
0.037926208235621546
0.026610494715501025
0.026610494715501025
0.026923258312659976
0.026923258312659976
0.02549007707879152
0.024533538534925445
0.021762444765753414
0.01999925691912552
0.01999925691912552
0.01999925691912552
0.01999925691912552
0.01999925691912552
0.01999925691912552
0.01999925691912552
0.01999925691912552
0.01999925691912552
0.01999925691912552
0.01999925691912552
0.01999925691912552
0.01999925691912552
0.01999925691912552
0.01999925691912552
0.01999925691912552
0.01999925691912552
0.01999925691912552
0.01999925691912552
0.01999925691912552
0.01999925691912552
0.01999925691912552
0.01999925691912552
0.01999925691912552
0.01999925691912552
0.01999925691912552
0.01999925691912552
0.01999925691912552
0.01999925691912552
0.01999925691912552
0.01999925691912552
0.01999925691912552
0.01999925691912552
0.01999925691912552
0.01999925691912552
0.01999925691912552
0.01999925691912552
