0.2138560435437769
0.2138560435437769
0.2138560435437769
0.2138560435437769
0.2138560435437769
0.2138560435437769
0.2138560435437769
0.2138560435437769
0.2138560435437769
0.2138560435437769
0.2138560435437769
0.2138560435437769
0.13969102794355312
0.13969102794355312
0.13969102794355312
0.13969102794355312
0.13969102794355312
0.13969102794355312
0.13969102794355312
0.13969102794355312
0.13969102794355312
0.13969102794355312
0.12340582364397223
0.0945679453395679
0.0945679453395679
0.0945679453395679
0.0945679453395679
0.0945679453395679
0.0945679453395679
0.0945679453395679
0.0964803991750133
0.0964803991750133
0.0964803991750133
0.0964803991750133
0.0964803991750133
0.09523106575386231
0.09076568886545605
0.05307360192930204
0.04640365289221448
0.04283789279077176
0.03957981222118532
0.03957981222118532
0.03957981222118532
0.03957981222118532
0.03957981222118532
0.038289180906727435
0.02824256176663332
0.02824256176663332
0.02824256176663332
0.028085828151320633
0.027779841967710807
0.026667810708037105
0.02616070271469461
0.023216836551281456
0.021563550345659904
0.021563550345659904
0.021563550345659904
0.021552211040829133
0.021552020066253848
0.021552020066253848
0.021552020066253848
0.021529080216282668
0.021529080216282668
0.021526119292239597
0.02156362320986219
0.021563175069900253
0.021562009559661862
0.021562009559661862
0.021562005864996934
0.021552146937096294
0.021550515547655788
0.021550515547655788
0.021550508377846
0.021550508377846
0.021550508377846
0.021550508377846
0.021550508377846
0.021550508377846
0.021550508377846
0.021550508377846
0.021550508377846
0.021550508377846
0.021550508377846
0.021550508377846
0.021551311323630577
0.021551311323630577
0.021551311323630577
0.02155131063509467
0.02155131063509467
0.02155131063509467
0.02155131063509467
