0.2100997837299173
0.2100997837299173
0.2100997837299173
0.2100997837299173
0.2100997837299173
0.2100997837299173
0.17230753413033836
0.17230753413033836
0.17230753413033836
0.1670755009751031
0.16620120881015338
0.1373059308065055
0.13695489095680866
0.13486320517411926
0.13486320517411926
0.13486320517411926
0.13486320517411926
0.13486320517411926
0.13102684386590466
0.13102684386590466
0.13102684386590466
0.13102684386590466
0.13102684386590466
0.08346446367879114
0.08346446367879114
0.08346446367879114
0.08346446367879114
0.08346446367879114
0.08346446367879114
0.08459780300125062
0.08608105669285944
0.0863686074805728
0.0863686074805728
0.0863686074805728
0.08158036779610635
0.06498846599588458
0.04166599463195864
0.04166599463195864
0.03768575838549244
0.03768575838549244
0.03768575838549244
0.03768575838549244
0.03768575838549244
0.03768575838549244
0.03768575838549244
0.03721044165558804
0.03721044165558804
0.03721044165558804
0.03721044165558804
0.036920521210551706
0.03679720330760062
0.03663836543161573
0.03598307964003492
0.033347157119329306
0.033347157119329306
0.033347157119329306
0.033347157119329306
0.033347157119329306
0.033347157119329306
0.033347157119329306
0.033347157119329306
0.033347157119329306
0.033347157119329306
0.033347157119329306
0.033347157119329306
0.033347157119329306
0.033347157119329306
0.03306483565044838
0.03306483565044838
0.03306483565044838
0.03306483565044838
0.03306483565044838
0.03306483565044838
0.03306483565044838
0.03306483565044838
0.03306483565044838
0.03306483565044838
0.03306483565044838
0.03306483565044838
0.03306483565044838
0.03306483565044838
0.03306483565044838
0.03306483565044838
0.03306483565044838
0.03306483565044838
0.03306483565044838
0.03306483565044838
0.03306483565044838
0.03306483565044838
0.03306483565044838
0.03306483565044838
