0.2139135349572701
0.2139135349572701
0.2139135349572701
0.2139135349572701
0.2139135349572701
0.2139135349572701
0.2139135349572701
0.2139135349572701
0.2139135349572701
0.2139135349572701
0.2139135349572701
0.2139135349572701
0.13961386584964444
0.13961386584964444
0.13961386584964444
0.13961386584964444
0.13961386584964444
0.13961386584964444
0.13961386584964444
0.13961386584964444
0.13961386584964444
0.13961386584964444
0.13961386584964444
0.09445641688848509
0.09445641688848509
0.09445641688848509
0.09445641688848509
0.09445641688848509
0.09445641688848509
0.09445641688848509
0.09640626967776036
0.09640626967776036
0.09640626967776036
0.09640626967776036
0.09640626967776036
0.09640626967776036
0.09213771309818576
0.054445623702275125
0.054445623702275125
0.044482304646172366
0.04225697781587828
0.04225697781587828
0.04225697781587828
0.04225697781587828
0.04225697781587828
0.04225697781587828
0.037926208235809014
0.026610494715583154
0.026610494715583154
0.02692325831276344
0.02692325831276344
0.025490077078821297
0.024533538534953964
0.021762444765786697
0.01999925691916796
0.01999925691916796
0.01999925691916796
0.01999925691916796
0.01999925691916796
0.01999925691916796
0.01999925691916796
0.01999925691916796
0.01999925691916796
0.01999925691916796
0.01999925691916796
0.01999925691916796
0.01999925691916796
0.01999925691916796
0.01999925691916796
0.01999925691916796
0.01999925691916796
0.01999925691916796
0.01999925691916796
0.01999925691916796
0.01999925691916796
0.01999925691916796
0.01999925691916796
0.01999925691916796
0.01999925691916796
0.01999925691916796
0.01999925691916796
0.01999925691916796
0.01999925691916796
0.01999925691916796
0.01999925691916796
0.01999925691916796
0.01999925691916796
0.01999925691916796
0.01999925691916796
0.01999925691916796
0.01999925691916796
