0.0
0.0
0.0
0.0
0.0
0.09765625
0.09765625
0.09765625
0.09765625
2.63671875
2.63671875
2.63671875
5.76171875
12.5
12.5
12.5
12.5
12.5
12.5
12.5
12.5
12.5
12.5
18.84765625
18.84765625
18.84765625
18.84765625
21.38671875
21.38671875
21.38671875
21.38671875
25.0
25.0
25.0
28.02734375
40.0390625
49.8046875
56.15234375
59.27734375
68.26171875
68.5546875
68.65234375
68.75
68.75
68.75
74.4140625
74.8046875
75.0
75.0
77.9296875
81.25
81.34765625
83.88671875
90.625
90.625
90.625
90.625
90.625
90.625
90.625
90.625
90.625
90.625
90.625
90.625
90.625
90.625
93.75
93.75
93.75
93.75
93.75
96.6796875
96.875
96.875
96.875
96.875
96.875
96.875
96.875
96.875
96.875
96.875
96.875
96.875
96.875
96.875
99.8046875
100.0
100.0
100.0
100.0
100.0
100.0
100.0
100.0
100.0
100.0
100.0
100.0
100.0
100.0
100.0
100.0
100.0
100.0
100.0
100.0
100.0
100.0
100.0
100.0
100.0
100.0
100.0
100.0
100.0
100.0
100.0
100.0
100.0
100.0
100.0
100.0
100.0
100.0
100.0
