0.0
0.0
0.0
0.0
0.0
0.0
0.0
0.0
0.0
0.0
0.0
0.0
0.0
0.0
0.0
0.0
0.0
0.0
0.0
0.0
0.0
0.146484375
5.029296875
15.625
15.625
15.625
15.625
15.625
15.625
15.625
15.625
15.625
15.625
29.6875
29.6875
29.6875
29.6875
29.6875
32.8125
32.8125
32.8125
34.375
34.375
48.681640625
56.25
56.25
56.25
56.25
56.25
65.625
65.625
65.625
65.625
65.625
65.625
65.625
65.625
65.625
65.625
65.625
65.625
65.625
65.625
65.625
65.625
65.625
65.625
65.625
65.625
65.625
65.625
65.625
65.625
65.625
65.625
65.625
65.625
65.625
65.625
65.625
65.625
65.625
65.625
65.625
65.625
65.625
65.625
65.625
65.625
65.625
65.625
65.625
65.625
65.625
65.625
65.625
65.625
65.625
65.625
65.625
65.625
65.625
65.625
65.625
65.625
65.625
65.625
65.625
65.625
65.625
65.625
65.625
65.625
65.625
65.625
65.625
65.625
65.625
65.625
65.625
65.625
65.625
65.625
65.625
65.625
65.625
65.625
