0.21808779569285974
0.21808779569285974
0.21808779569285974
0.21808779569285974
0.21808779569285974
0.21808779569285974
0.21808779569285974
0.21808779569285974
0.21808779569285974
0.21808779569285974
0.21808779569285974
0.1756389693680074
0.1481743858240264
0.14771877901412417
0.14771877901412417
0.14771877901412417
0.14771877901412417
0.14771877901412417
0.14771877901412417
0.14771877901412417
0.14771877901412417
0.14771877901412417
0.13157555746667404
0.10642839036094844
0.09738487126575085
0.09738487126575085
0.09738487126575085
0.09738487126575085
0.09738487126575085
0.09729224320144851
0.09786756371150451
0.09683477281028534
0.09683477281028534
0.09683477281028534
0.07557123494875609
0.06827323291067071
0.0643794873074147
0.0643794873074147
0.0643794873074147
0.0643794873074147
0.0643794873074147
0.0643794873074147
0.0643794873074147
0.0643794873074147
0.05384661620202439
0.05384661620202439
0.05384661620202439
0.05384661620202439
0.05384661620202439
0.05384661620202439
0.05384661620202439
0.05384661620202439
0.05384661620202439
0.05384661620202439
0.05384661620202439
0.05384661620202439
0.05384661620202439
0.05384661620202439
0.05384661620202439
0.05384661620202439
0.05384661620202439
0.05384661620202439
0.05384661620202439
0.05384661620202439
0.05384661620202439
0.05384661620202439
0.05384661620202439
0.05384661620202439
0.05384661620202439
0.05384661620202439
0.05384661620202439
0.05384661620202439
0.05384661620202439
0.05384661620202439
0.05384661620202439
0.05384661620202439
0.05384661620202439
0.05384661620202439
0.05384661620202439
0.05384661620202439
0.05384661620202439
0.05384661620202439
0.05384661620202439
0.05384661620202439
0.05384661620202439
0.05384661620202439
0.05384661620202439
0.05384661620202439
0.05384661620202439
0.05384661620202439
0.05384661620202439
