0.20998200413817578
0.20998200413817578
0.20998200413817578
0.20946580046716332
0.20894838657210477
0.20894838657210477
0.16472384107806468
0.16472384107806468
0.16472384107806468
0.16588676501941696
0.16511511398111026
0.14532202636291125
0.14305484946107852
0.1349253258141377
0.1349253258141377
0.1349253258141377
0.1349253258141377
0.1349253258141377
0.1349253258141377
0.1349253258141377
0.1349253258141377
0.1349253258141377
0.1349253258141377
0.08378192191599514
0.08378192191599514
0.08378192191599514
0.08378192191599514
0.08378192191599514
0.08378192191599514
0.08378192191599514
0.0854269234714874
0.0866522137247902
0.0866522137247902
0.0866522137247902
0.08194415514308244
0.06446322880597517
0.04182186477642447
0.04182186477642447
0.0383086248774979
0.0383086248774979
0.0383086248774979
0.0383086248774979
0.0383086248774979
0.0383086248774979
0.0383086248774979
0.037570629459250084
0.037570629459250084
0.037570629459250084
0.037570629459250084
0.037570629459250084
0.03750341289761725
0.03736673310529941
0.03748647654553008
0.034532567890731086
0.034532567890731086
0.034532567890731086
0.034532567890731086
0.034532567890731086
0.034532567890731086
0.034532567890731086
0.034532567890731086
0.034532567890731086
0.034532567890731086
0.034532567890731086
0.034532567890731086
0.034532567890731086
0.034532567890731086
0.034279694033153035
0.034279694033153035
0.034279694033153035
0.034279694033153035
0.034279694033153035
0.034279694033153035
0.034279694033153035
0.034279694033153035
0.034279694033153035
0.034279694033153035
0.034279694033153035
0.034279694033153035
0.034279694033153035
0.034279694033153035
0.034279694033153035
0.034279694033153035
0.034279694033153035
0.034279694033153035
0.034279694033153035
0.034279694033153035
0.034279694033153035
0.034279694033153035
0.034279694033153035
0.034279694033153035
0.034279694033153035
0.034279694033153035
0.034279694033153035
0.034279694033153035
0.034279694033153035
0.034279694033153035
0.034279694033153035
0.034279694033153035
0.034279694033153035
0.034279694033153035
0.034279694033153035
0.034279694033153035
0.034279694033153035
0.034279694033153035
0.034279694033153035
0.034279694033153035
0.034279694033153035
0.034279694033153035
0.034279694033153035
0.034279694033153035
0.034279694033153035
0.034279694033153035
0.034279694033153035
0.034279694033153035
0.034279694033153035
0.034279694033153035
0.034279694033153035
0.034279694033153035
0.034279694033153035
0.034279694033153035
0.034279694033153035
0.034279694033153035
0.034279694033153035
0.034279694033153035
0.034279694033153035
0.034279694033153035
