0.21385173997534437
0.21385173997534437
0.21385173997534437
0.21385173997534437
0.21385173997534437
0.21385173997534437
0.21385173997534437
0.21385173997534437
0.21385173997534437
0.21385173997534437
0.21385173997534437
0.21385173997534437
0.13969320920655073
0.13969320920655073
0.13969320920655073
0.13969320920655073
0.13969320920655073
0.13969320920655073
0.13969320920655073
0.13969320920655073
0.13969320920655073
0.13969320920655073
0.12342088318994504
0.0945637893677697
0.0945637893677697
0.0945637893677697
0.0945637893677697
0.0945637893677697
0.0945637893677697
0.0945637893677697
0.09648240252504307
0.09648240252504307
0.09648240252504307
0.09648240252504307
0.09648240252504307
0.0952352654657519
0.09079738983172356
0.0531075078353712
0.04644330411256674
0.042881042980932094
0.039606382881015145
0.039606382881015145
0.039606382881015145
0.039606382881015145
0.039606382881015145
0.037603434562863955
0.026787497614539277
0.026787497614539277
0.026787497614539277
0.02696434430474113
0.026660308716462754
0.02539346565866277
0.024840915209880316
0.021723957395957078
0.019926114038802942
0.019926114038802942
0.019926114038802942
0.019913483533964337
0.019913483533964337
0.019913483533964337
0.019913483533964337
0.01988824074017083
0.01988824074017083
0.019884505178533223
0.019924840076252955
0.019924133658726497
0.019923044642193802
0.019923044642193802
0.01992304041399075
0.019911787186663452
0.019909352404589183
0.019909352404589183
0.019909346794783546
0.019909346794783546
0.019909346794783546
0.019909346794783546
0.019909346794783546
0.019909346794783546
0.019909346794783546
0.019909346794783546
0.019909346794783546
0.019909346794783546
0.019909346794783546
0.019909346794783546
0.019910234805419584
0.019910234805419584
0.019910234805419584
0.019910234415798134
0.019910234887303885
0.01991023521373773
0.019910235168579777
