0.1953125
0.1953125
0.1953125
0.1953125
0.1953125
0.1953125
0.1953125
0.1953125
0.1953125
0.1953125
0.1953125
0.1953125
0.1953125
0.1953125
0.1953125
0.1953125
0.1953125
2.734375
17.48046875
18.26171875
18.75
19.53125
27.9296875
31.0546875
31.25
31.25
31.25
31.25
31.25
31.25
31.25
31.25
31.25
53.125
53.125
53.125
53.125
65.625
65.625
65.625
65.625
65.625
66.015625
81.25
81.25
81.25
81.25
81.25
90.625
90.625
90.625
90.625
90.625
90.625
90.625
90.625
90.625
90.625
90.625
90.625
90.625
90.625
90.625
90.625
90.625
96.484375
96.6796875
96.875
96.875
96.875
96.875
96.875
96.875
96.875
96.875
96.875
96.875
96.875
96.875
96.875
96.875
96.875
96.875
99.609375
99.8046875
100.0
100.0
100.0
100.0
100.0
100.0
