1.171875
1.171875
1.171875
1.5625
1.953125
1.953125
6.25
6.25
6.25
6.640625
7.03125
11.328125
12.890625
19.921875
19.921875
19.921875
19.921875
19.921875
19.921875
19.921875
19.921875
19.921875
19.921875
25.78125
25.78125
25.78125
25.78125
25.78125
25.78125
25.78125
26.953125
32.03125
32.03125
32.03125
44.53125
50.78125
69.53125
69.53125
75.78125
75.78125
75.78125
75.78125
75.78125
75.78125
75.78125
81.640625
81.640625
81.640625
81.640625
81.640625
82.03125
82.421875
87.890625
93.75
93.75
93.75
93.75
93.75
93.75
93.75
93.75
93.75
93.75
93.75
93.75
93.75
93.75
100.0
100.0
100.0
100.0
100.0
100.0
100.0
100.0
100.0
100.0
100.0
100.0
100.0
100.0
100.0
100.0
100.0
100.0
100.0
100.0
100.0
100.0
100.0
100.0
100.0
100.0
100.0
100.0
100.0
100.0
100.0
100.0
100.0
100.0
100.0
100.0
100.0
100.0
100.0
100.0
100.0
100.0
100.0
100.0
100.0
100.0
100.0
100.0
100.0
100.0
100.0
100.0
100.0
100.0
100.0
100.0
100.0
100.0
100.0
100.0
