0.0
0.0
0.0
0.0
0.0
0.0
0.0
0.0
0.0
0.0
0.0
0.0
7.8125
7.8125
7.8125
7.8125
7.8125
7.8125
7.8125
7.8125
7.8125
7.8125
8.6181640625
11.71875
11.71875
11.71875
11.71875
11.71875
11.71875
11.71875
15.625
15.625
15.625
15.625
15.625
16.40625
25.830078125
35.9375
38.28125
39.0625
42.96875
42.96875
42.96875
42.96875
42.96875
44.53125
54.6630859375
54.6630859375
54.6630859375
57.8125
59.375
67.9443359375
70.30029296875
75.0
82.01904296875
82.01904296875
82.01904296875
82.8125
82.8125
82.8125
82.8125
83.58154296875
83.58154296875
83.59375
84.36279296875
85.92529296875
85.9375
85.9375
85.94970703125
87.5
88.26904296875
88.26904296875
88.28125
88.28125
88.28125
88.28125
88.28125
88.28125
88.28125
88.28125
88.28125
88.28125
88.28125
88.28125
89.05029296875
89.05029296875
89.05029296875
89.0625
89.8193359375
89.83154296875
89.84375
