0.2185208442199717
0.2185208442199717
0.2185208442199717
0.2185208442199717
0.2185208442199717
0.2185208442199717
0.2185208442199717
0.2185208442199717
0.2185208442199717
0.2185208442199717
0.2185208442199717
0.16769311151655386
0.14721690828968229
0.14721690828968229
0.14721690828968229
0.14721690828968229
0.14721690828968229
0.14721690828968229
0.14721690828968229
0.14721690828968229
0.14721690828968229
0.14721690828968229
0.11361194956371876
0.10046853357908139
0.09676316304405667
0.09676316304405667
0.09676316304405667
0.09676316304405667
0.09676316304405667
0.09734735406795027
0.09644305329579335
0.09614154887172952
0.09614154887172952
0.09614154887172952
0.0708293737313707
0.06899403840917598
0.06410487302771342
0.06410487302771342
0.06410487302771342
0.06410487302771342
0.06410487302771342
0.06410487302771342
0.06410487302771342
0.06410487302771342
0.05369992668158096
0.05369992668158096
0.05369992668158096
0.05369992668158096
0.05369992668158096
0.05369992668158096
0.05369992668158096
0.05369992668158096
0.05369992668158096
0.05369992668158096
0.05369992668158096
0.05369992668158096
0.05369992668158096
0.05369992668158096
0.05369992668158096
0.05369992668158096
0.05369992668158096
0.05369992668158096
0.05369992668158096
0.05369992668158096
0.05369992668158096
0.05369992668158096
0.05369992668158096
0.05369992668158096
0.05369992668158096
0.05369992668158096
0.05369992668158096
0.05369992668158096
0.05369992668158096
0.05369992668158096
0.05369992668158096
0.05369992668158096
0.05369992668158096
0.05369992668158096
0.05369992668158096
0.05369992668158096
0.05369992668158096
0.05369992668158096
0.05369992668158096
0.05369992668158096
0.05369992668158096
0.05369992668158096
0.05369992668158096
0.05369992668158096
0.05369992668158096
0.05369992668158096
0.05369992668158096
0.05369992668158096
0.05369992668158096
0.05369992668158096
0.05369992668158096
0.05369992668158096
0.05369992668158096
0.05369992668158096
0.05369992668158096
0.05369992668158096
0.05369992668158096
0.05369992668158096
0.05369992668158096
0.05369992668158096
0.05369992668158096
0.05369992668158096
0.05369992668158096
0.05369992668158096
0.05369992668158096
0.05369992668158096
0.05369992668158096
0.05369992668158096
0.05369992668158096
0.05369992668158096
0.05369992668158096
0.05369992668158096
0.05369992668158096
0.05369992668158096
0.05369992668158096
0.05369992668158096
0.05369992668158096
0.05369992668158096
0.05369992668158096
0.05369992668158096
0.05369992668158096
0.05369992668158096
0.05369992668158096
