0.2166143384686251
0.2166143384686251
0.2166143384686251
0.2166143384686251
0.2166143384686251
0.2166143384686251
0.2166143384686251
0.2166143384686251
0.2166143384686251
0.2166143384686251
0.2166143384686251
0.2064730332316592
0.15261205427725896
0.15261205427725896
0.15261205427725896
0.15261205427725896
0.15261205427725896
0.15261205427725896
0.15261205427725896
0.15261205427725896
0.15261205427725896
0.15261205427725896
0.14605766065910128
0.10584966187752656
0.10096349286415887
0.10096349286415887
0.10096349286415887
0.10096349286415887
0.10096349286415887
0.10080495954101928
0.10109177513177603
0.09886784942101545
0.09886784942101545
0.09886784942101545
0.07399792106822847
0.06821362834213138
0.06747097191439433
0.06747097191439433
0.06747097191439433
0.06747097191439433
0.06747097191439433
0.06747097191439433
0.06747097191439433
0.06747097191439433
0.05974256816479726
0.05974256816479726
0.05974256816479726
0.05974256816479726
0.05974256816479726
0.05974256816479726
0.05974256816479726
0.05974256816479726
0.05974256816479726
0.05974256816479726
0.05974256816479726
0.05974256816479726
0.05974256816479726
0.05974256816479726
0.05974256816479726
0.05974256816479726
0.05974256816479726
0.05974256816479726
0.05974256816479726
0.05974256816479726
0.05974256816479726
0.05974256816479726
0.05974256816479726
0.05974256816479726
0.05974256816479726
0.05974256816479726
0.05974256816479726
0.05974256816479726
0.05974256816479726
0.05974256816479726
0.05974256816479726
0.05974256816479726
0.05974256816479726
0.05974256816479726
0.05974256816479726
0.05974256816479726
0.05974256816479726
0.05974256816479726
0.05974256816479726
0.05974256816479726
0.05974256816479726
0.05974256816479726
0.05974256816479726
0.05974256816479726
0.05974256816479726
0.05974256816479726
0.05974256816479726
0.05974256816479726
0.05974256816479726
0.05974256816479726
0.05974256816479726
0.05974256816479726
0.05974256816479726
0.05974256816479726
0.05974256816479726
0.05974256816479726
0.05974256816479726
0.05974256816479726
0.05974256816479726
0.05974256816479726
0.05974256816479726
0.05974256816479726
0.05974256816479726
0.05974256816479726
0.05974256816479726
0.05974256816479726
0.05974256816479726
0.05974256816479726
0.05974256816479726
0.05974256816479726
0.05974256816479726
0.05974256816479726
0.05974256816479726
0.05974256816479726
0.05974256816479726
0.05974256816479726
0.05974256816479726
0.05974256816479726
0.05974256816479726
0.05974256816479726
0.05974256816479726
0.05974256816479726
0.05974256816479726
