0.0
0.0
0.0
0.0
0.0
0.0
0.0
0.0
0.0
0.0
0.0
0.0
0.0
0.0
0.0
0.0
0.0
0.0
0.0
0.0
0.0
0.0732421875
2.42919921875
7.8125
7.8125
7.8125
7.8125
7.8125
7.8125
7.8125
7.8125
7.8125
7.8125
10.15625
10.15625
10.15625
10.15625
10.15625
11.71875
16.40625
16.40625
16.40625
16.40625
18.75
19.53125
29.6875
29.6875
29.6875
29.6875
29.6875
40.625
40.625
42.1630859375
49.853515625
50.0
50.0
50.0
50.244140625
57.6904296875
57.6904296875
57.6904296875
57.6904296875
57.6904296875
57.8125
57.8125
57.8125
57.8125
57.8125
57.8125
57.8125
57.8125
57.8125
57.8125
57.8125
57.8125
57.8125
57.8125
57.8125
57.8125
57.8125
57.8125
57.8125
57.8125
57.8125
57.8125
57.8125
57.8125
57.8125
57.8125
57.8125
57.8125
