1.171875
1.171875
1.171875
1.171875
1.171875
1.171875
1.171875
1.171875
1.171875
1.171875
1.171875
1.171875
1.171875
1.171875
1.171875
1.171875
1.171875
6.640625
19.921875
27.734375
36.328125
38.28125
48.4375
62.890625
62.890625
62.890625
62.890625
62.890625
62.890625
62.890625
62.890625
62.890625
62.890625
81.25
81.25
81.25
81.25
81.25
81.25
82.03125
87.5
87.5
94.53125
100.0
100.0
100.0
100.0
100.0
100.0
100.0
100.0
100.0
100.0
100.0
100.0
100.0
100.0
100.0
100.0
100.0
100.0
100.0
100.0
100.0
100.0
100.0
100.0
100.0
100.0
100.0
100.0
100.0
100.0
100.0
100.0
100.0
100.0
100.0
100.0
100.0
100.0
100.0
100.0
100.0
100.0
100.0
100.0
100.0
100.0
100.0
100.0
100.0
100.0
100.0
100.0
100.0
100.0
100.0
100.0
100.0
100.0
100.0
100.0
100.0
100.0
100.0
100.0
100.0
100.0
100.0
100.0
100.0
100.0
100.0
100.0
100.0
100.0
100.0
100.0
100.0
100.0
100.0
100.0
100.0
100.0
100.0
100.0
