0.294106258938052
0.294106258938052
0.294106258938052
0.294106258938052
0.294106258938052
0.294106258938052
0.294106258938052
0.294106258938052
0.294106258938052
0.294106258938052
0.294106258938052
0.2095924827076688
0.20678592126295944
0.20678592126295944
0.20678592126295944
0.20678592126295944
0.20678592126295944
0.20678592126295944
0.20678592126295944
0.20678592126295944
0.20678592126295944
0.1955798336548497
0.1361091630937827
0.1361091630937827
0.1361091630937827
0.1361091630937827
0.1361091630937827
0.1361091630937827
0.12659092885653772
0.12659092885653772
0.12659092885653772
0.12659092885653772
0.12659092885653772
0.12659092885653772
0.12659092885653772
0.12659092885653772
0.12659092885653772
0.12659092885653772
0.12659092885653772
0.12659092885653772
0.12659092885653772
0.12659092885653772
0.12659092885653772
0.12659092885653772
0.12659092885653772
0.12659092885653772
0.12659092885653772
0.12659092885653772
0.12659092885653772
0.12659092885653772
0.12659092885653772
0.12659092885653772
0.12659092885653772
0.12659092885653772
0.12659092885653772
0.12659092885653772
0.12659092885653772
0.12659092885653772
0.12659092885653772
0.12659092885653772
0.12659092885653772
0.12659092885653772
0.12659092885653772
0.12659092885653772
0.12659092885653772
0.12659092885653772
0.12659092885653772
0.12659092885653772
0.12659092885653772
0.12659092885653772
0.12659092885653772
0.12659092885653772
0.12659092885653772
0.12659092885653772
0.12659092885653772
0.12659092885653772
0.12659092885653772
0.12659092885653772
0.12659092885653772
0.12659092885653772
0.12659092885653772
0.12659092885653772
0.12659092885653772
0.12659092885653772
0.12659092885653772
0.12659092885653772
0.12659092885653772
0.12659092885653772
0.12659092885653772
0.12659092885653772
0.12659092885653772
0.12659092885653772
0.12659092885653772
0.12659092885653772
0.12659092885653772
0.12659092885653772
0.12659092885653772
0.12659092885653772
0.12659092885653772
0.12659092885653772
0.12659092885653772
0.12659092885653772
0.12659092885653772
0.12659092885653772
0.12659092885653772
0.12659092885653772
0.12659092885653772
0.12659092885653772
0.12659092885653772
0.12659092885653772
0.12659092885653772
0.12659092885653772
0.12659092885653772
0.12659092885653772
0.12659092885653772
0.12659092885653772
0.12659092885653772
0.12659092885653772
0.12659092885653772
0.12659092885653772
0.12659092885653772
0.12659092885653772
0.12659092885653772
0.12659092885653772
0.12659092885653772
0.12659092885653772
0.12659092885653772
