0.390625
0.390625
0.390625
0.390625
0.390625
0.390625
3.515625
3.515625
3.515625
6.640625
7.03125
12.109375
12.890625
18.75
18.75
18.75
18.75
18.75
19.140625
19.140625
19.140625
19.140625
19.140625
25.0
25.0
25.0
25.0
25.0
25.0
25.78125
30.078125
31.25
31.25
31.25
43.75
50.78125
71.484375
71.484375
75.0
75.0
75.0
75.0
75.0
75.0
75.0
81.25
81.25
81.25
81.25
82.03125
82.421875
82.8125
88.671875
93.359375
93.359375
93.359375
93.359375
93.359375
93.359375
93.359375
93.359375
93.359375
93.359375
93.359375
93.359375
93.359375
93.359375
99.609375
99.609375
99.609375
99.609375
99.609375
99.609375
99.609375
99.609375
99.609375
99.609375
99.609375
99.609375
99.609375
99.609375
99.609375
99.609375
99.609375
99.609375
99.609375
99.609375
99.609375
99.609375
99.609375
99.609375
