0.0
0.0
0.0
0.0
0.0
0.0
0.0
0.0
0.0
0.0
0.0
0.0
7.8125
7.8125
7.8125
7.8125
7.8125
7.8125
7.8125
7.8125
7.8125
7.8125
10.1806640625
11.71875
11.71875
11.71875
11.71875
11.71875
11.71875
11.71875
15.625
15.625
15.625
15.625
15.625
15.63720703125
26.64794921875
33.642578125
36.02294921875
37.548828125
40.673828125
42.19970703125
42.19970703125
42.96875
42.96875
42.96875
51.57470703125
52.35595703125
52.35595703125
54.7119140625
55.50537109375
63.3056640625
66.40625
70.3125
73.486328125
73.5107421875
74.267578125
75.78125
75.78125
75.8056640625
75.830078125
75.84228515625
75.8544921875
75.87890625
77.42919921875
79.7119140625
80.517578125
80.517578125
80.57861328125
83.6181640625
84.41162109375
85.94970703125
87.5
87.5
87.5
87.5
87.5
87.5
87.5
87.5
87.5
87.5
87.5
87.5
87.5
87.5
87.5
87.5
87.5
87.5
87.5
87.5
87.5
87.5
87.5
87.5
87.5
87.5
87.5
87.5
87.5
87.5
87.5
87.5
87.5
87.5
87.5
87.5
87.5
87.5
87.5
87.5
87.5
87.5
87.5
87.5
87.5
87.5
87.5
87.5
87.5
87.5
87.5
87.5
87.5
87.5
87.5
