0.21474700516163178
0.21474700516163178
0.21474700516163178
0.21474700516163178
0.21474700516163178
0.21474700516163178
0.21474700516163178
0.21474700516163178
0.21474700516163178
0.21474700516163178
0.21474700516163178
0.21474700516163178
0.14254120490442054
0.13993658479903773
0.13993658479903773
0.13993658479903773
0.13993658479903773
0.13993658479903773
0.13993658479903773
0.13993658479903773
0.13993658479903773
0.13993658479903773
0.13993658479903773
0.09379082821933545
0.09379082821933545
0.09379082821933545
0.09379082821933545
0.09379082821933545
0.09379082821933545
0.09379082821933545
0.09553420838423603
0.09594208892128676
0.09594208892128676
0.09594208892128676
0.09594208892128676
0.0926796964799937
0.07712805453646537
0.05877593936924216
0.04812207325687748
0.03783845231345018
0.036522674751869905
0.034916966211447756
0.034916966211447756
0.034916966211447756
0.03511985401141847
0.03511985401141847
0.02750682993056137
0.02750682993056137
0.027742854783211864
0.02775549985952602
0.02694756870949355
0.02630503303917073
0.025076364438630844
0.02242965714553504
0.021763344567589295
0.021763344567589295
0.021763344567589295
0.021763344567589295
0.021763344567589295
0.021763344567589295
0.021763344567589295
0.021763344567589295
0.021763344567589295
0.02183814038742901
0.02183814038742901
0.02183212798814839
0.02183212798814839
0.02183212798814839
0.021783388185799238
0.021783388185799238
0.021783388185799238
0.021783388185799238
0.0217795573538799
0.0217795573538799
0.02177952255720382
0.02177952255720382
0.02177952255720382
0.02177952255720382
0.02177952255720382
0.02177952255720382
0.02177952255720382
0.02177952255720382
0.02177952255720382
0.02177952255720382
0.02177952255720382
0.02177952255720382
0.02177952255720382
0.021779498302445865
0.021779498302445865
0.02177949036750374
0.02177949036750374
0.02177949036750374
0.02177949036750374
0.02177949036750374
0.02177949036750374
0.02177949036750374
0.02177949036750374
0.02177949036750374
0.02177949036750374
0.02177949036750374
0.02177949036750374
0.02177949036750374
0.02177949036750374
0.02177949036750374
0.02177949036750374
0.02177949036750374
0.02177949036750374
0.02177949036750374
0.02177949036750374
0.02177949036750374
0.02177949036750374
0.02177949036750374
0.02177949036750374
0.02177949036750374
0.02177949036750374
0.02177949036750374
0.02177949036750374
0.02177949036750374
0.02177949036750374
0.02177949036750374
0.02177949036750374
0.02177949036750374
0.02177949036750374
0.02177949036750374
0.02177949036750374
0.02177949036750374
0.02177949036750374
