0.21119507241334987
0.21119507241334987
0.21119507241334987
0.21119507241334987
0.21119507241334987
0.21119507241334987
0.21119507241334987
0.21119507241334987
0.21119507241334987
0.21119507241334987
0.21119507241334987
0.21119507241334987
0.1584513620022225
0.14107633094733615
0.14107633094733615
0.14107633094733615
0.14107633094733615
0.14107633094733615
0.14107633094733615
0.14107633094733615
0.14107633094733615
0.14107633094733615
0.14107633094733615
0.09662995616382576
0.09662995616382576
0.09662995616382576
0.09662995616382576
0.09662995616382576
0.09662995616382576
0.09662995616382576
0.09735909757487328
0.09863481491466368
0.09863481491466368
0.09863481491466368
0.09680054473286041
0.07738213579442191
0.07080708266470767
0.05941525626135361
0.04849284115132167
0.04220750309114471
0.04230379592502584
0.04214675138115899
0.04122035105172586
0.04122035105172586
0.04122035105172586
0.040095428406936764
0.04003844947615025
0.03998207267131852
0.03998207267131852
0.03998207267131852
0.039793022622772976
0.039793022622772976
0.039793022622772976
0.03750468881702143
0.03750468881702143
0.03750468881702143
0.03750468881702143
0.03750468881702143
0.03750468881702143
0.03750468881702143
0.03750468881702143
0.03750468881702143
0.03750468881702143
0.03750468881702143
0.03750468881702143
0.03750468881702143
0.03750468881702143
0.03750602983525862
0.03733662568436595
0.03733662568436595
0.03733662568436595
0.03733662568436595
0.03733662568436595
0.03733662568436595
0.03733662568436595
0.03733662568436595
0.03733662568436595
0.03733662568436595
0.03733662568436595
0.03733662568436595
0.03733662568436595
0.03733662568436595
0.03733662568436595
0.03733662568436595
0.03733662568436595
0.03733662568436595
0.03733662568436595
0.03733662568436595
0.03733662568436595
0.03733662568436595
0.03733662568436595
0.03733662568436595
0.03733662568436595
0.03733662568436595
0.03733662568436595
0.03733662568436595
0.03733662568436595
0.03733662568436595
0.03733662568436595
0.03733662568436595
0.03733662568436595
0.03733662568436595
0.03733662568436595
0.03733662568436595
0.03733662568436595
0.03733662568436595
0.03733662568436595
0.03733662568436595
0.03733662568436595
0.03733662568436595
0.03733662568436595
0.03733662568436595
0.03733662568436595
0.03733662568436595
0.03733662568436595
0.03733662568436595
0.03733662568436595
0.03733662568436595
0.03733662568436595
0.03733662568436595
0.03733662568436595
0.03733662568436595
0.03733662568436595
0.03733662568436595
0.03733662568436595
0.03733662568436595
0.03733662568436595
