0.21178331193270927
0.21178331193270927
0.21178331193270927
0.21178331193270927
0.21178331193270927
0.21178815697361839
0.21178815697361839
0.21178815697361839
0.21178815697361839
0.17096734330514912
0.17096734330514912
0.17096734330514912
0.15261792753433778
0.1382857201375123
0.1382857201375123
0.1382857201375123
0.1382857201375123
0.1382857201375123
0.1382857201375123
0.1382857201375123
0.1382857201375123
0.1382857201375123
0.1382857201375123
0.09349141849052475
0.09349141849052475
0.09349141849052475
0.09349141849052475
0.09383831855498026
0.09383831855498026
0.09383831855498026
0.09383831855498026
0.09535897068115547
0.09535897068115547
0.09535897068115547
0.09320903402664531
0.07077878784957475
0.06449052392490909
0.04676582872931769
0.03842722595049418
0.029207409191405912
0.028825300295602898
0.028731074658929878
0.028438494498467207
0.028438494498467207
0.028438494498467207
0.026700007586711438
0.026759347124873607
0.026542553849414532
0.026542553849414532
0.026225576896335468
0.02597528949720933
0.025972123882261302
0.025143908101663948
0.02299647909553767
0.02299647909553767
0.02299647909553767
0.02299647909553767
0.02299647909553767
0.02299647909553767
0.02299647909553767
0.02299647909553767
0.02299647909553767
0.02299647909553767
0.02299647909553767
0.02299647909553767
0.02299647909553767
0.02299647909553767
0.022840553167165958
0.022840553167165958
0.022840553167165958
0.022840553167165958
0.022840553167165958
0.022842919204488082
0.02284285570899078
0.02284285570899078
0.02284285570899078
0.02284285570899078
0.02284285570899078
0.02284285570899078
0.02284285570899078
0.02284285570899078
0.02284285570899078
0.02284285570899078
0.02284285570899078
0.02284285570899078
0.02284285570899078
0.02284285570899078
0.022845378038146548
0.022845361764072553
0.022845361764072553
0.022845361764072553
0.022845361764072553
0.022845361764072553
0.022845361764072553
0.022845361764072553
0.022845361764072553
0.022845361764072553
0.022845361764072553
0.022845361764072553
0.022845361764072553
0.022845361764072553
0.022845361764072553
0.022845361764072553
0.022845361764072553
0.022845361764072553
0.022845361764072553
0.022845361764072553
0.022845361764072553
0.022845361764072553
0.022845361764072553
0.022845361764072553
0.022845361764072553
0.022845361764072553
0.022845361764072553
0.022845361764072553
0.022845361764072553
0.022845361764072553
0.022845361764072553
0.022845361764072553
0.022845361764072553
0.022845361764072553
0.022845361764072553
0.022845361764072553
0.022845361764072553
0.022845361764072553
0.022845361764072553
0.022845361764072553
