0.0
0.0
0.0
0.0
0.0
0.0
0.0
0.0
0.0
0.0
0.0
0.0
0.0
0.0
0.0
0.0
0.0
0.29296875
21.58203125
25.0
28.3203125
29.19921875
30.46875
31.0546875
31.25
31.25
31.25
31.25
31.25
31.25
31.25
31.25
31.25
53.125
53.125
53.125
53.125
65.625
65.625
65.625
65.625
65.625
66.015625
81.25
81.25
81.25
81.25
81.25
90.625
90.625
90.625
90.625
90.625
90.625
90.625
90.625
90.625
90.625
90.625
90.625
90.625
90.625
90.625
90.625
90.625
96.484375
96.6796875
96.875
96.875
96.875
96.875
96.875
96.875
96.875
96.875
96.875
96.875
96.875
96.875
96.875
96.875
96.875
96.875
96.875
96.875
96.875
96.875
96.875
96.875
96.875
96.875
96.875
96.875
96.875
96.875
96.875
96.875
96.875
96.875
96.875
96.875
96.875
96.875
96.875
96.875
96.875
96.875
96.875
96.875
96.875
96.875
96.875
96.875
96.875
96.875
96.875
96.875
96.875
96.875
96.875
96.875
96.875
96.875
96.875
96.875
96.875
96.875
