0.21391353495711274
0.21391353495711274
0.21391353495711274
0.21391353495711274
0.21391353495711274
0.21391353495711274
0.21391353495711274
0.21391353495711274
0.21391353495711274
0.21391353495711274
0.21391353495711274
0.21391353495711274
0.1396138658499252
0.1396138658499252
0.1396138658499252
0.1396138658499252
0.1396138658499252
0.1396138658499252
0.1396138658499252
0.1396138658499252
0.1396138658499252
0.1396138658499252
0.1396138658499252
0.09445641688887185
0.09445641688887185
0.09445641688887185
0.09445641688887185
0.09445641688887185
0.09445641688887185
0.09445641688887185
0.09640626967815591
0.09640626967815591
0.09640626967815591
0.09640626967815591
0.09640626967815591
0.09640626967815591
0.09213771309854722
0.054445623702113304
0.054445623702113304
0.04448230464593373
0.042256977815656606
0.042256977815656606
0.042256977815656606
0.042256977815656606
0.042256977815656606
0.042256977815656606
0.03792620823560557
0.0266104947155141
0.0266104947155141
0.02692325831267123
0.02692325831267123
0.025490077078823656
0.02453353853492092
0.021762444765780504
0.019999256919132645
0.019999256919132645
0.019999256919132645
0.019999256919132645
0.019999256919132645
0.019999256919132645
0.019999256919132645
0.019999256919132645
0.019999256919132645
0.019999256919132645
0.019999256919132645
0.019999256919132645
0.019999256919132645
0.019999256919132645
0.019999256919132645
0.019999256919132645
0.019999256919132645
0.019999256919132645
0.019999256919132645
0.019999256919132645
0.019999256919132645
0.019999256919132645
0.019999256919132645
0.019999256919132645
0.019999256919132645
0.019999256919132645
0.019999256919132645
0.019999256919132645
0.019999256919132645
0.019999256919132645
0.019999256919132645
0.019999256919132645
0.019999256919132645
0.019999256919132645
0.019999256919132645
0.019999256919132645
0.019999256919132645
0.019999256919132645
0.019999256919132645
0.019999256919132645
0.019999256919132645
0.019999256919132645
0.019999256919132645
0.019999256919132645
0.019999256919132645
0.019999256919132645
0.019999256919132645
0.019999256919132645
0.019999256919132645
0.019999256919132645
0.019999256919132645
0.019999256919132645
0.019999256919132645
0.019999256919132645
0.019999256919132645
0.019999256919132645
0.019999256919132645
0.019999256919132645
0.019999256919132645
0.019999256919132645
0.019999256919132645
0.019999256919132645
0.019999256919132645
0.019999256919132645
0.019999256919132645
0.019999256919132645
0.019999256919132645
0.019999256919132645
0.019999256919132645
0.019999256919132645
0.019999256919132645
0.019999256919132645
0.019999256919132645
