6.492748815575604e-05
0.00010644391156156981
0.00016149882809303318
0.00023093956411999745
0.00030452484275767753
0.00043234015312085424
0.0005148311941046419
0.0006172654391110019
0.0006377227865440619
0.0006905832991276049
0.0007587950994884495
0.0008257652908401791
0.0008893133396463393
0.0009438652961877035
0.0010084425066075914
0.0009604888572487843
0.0010192511768454722
0.0010017087702577912
0.0027892616032761386
0.029093486862462027
0.2976520919935359
0.4513533492669575
0.31040000257007744
0.024324946727145913
0.0036524072642959093
0.03030489413200318
0.4487347819464442
7.9511134107448
0.5269101958575371
0.030141991771747513
0.002484359139495092
0.0003379563074763338
0.0001477897002075678
0.00018993888875813567
0.00030756534462499856
0.0005253341544281955
0.0011575569503069
0.0021129206596769787
0.0031986273935764656
0.0029259790078822842
0.002103579706373097
0.0014089438220080861
0.0011619241071145156
0.0010297535765367981
0.0011054502815096227
0.0011786479721035438
0.0012681640507657594
0.001212781973859772
0.00130418800820836
0.0012671718901952512
0.0031267492354047403
0.03409100560462415
0.44727767685910036
7.674966060505306
0.40438908696635756
0.036631853920780215
0.0037780576865814423
0.0243377801854764
0.27978562445042215
0.4565340417732457
0.2929247983996383
0.024814044404855413
0.0019870971877749897
0.00029418941694080424
0.0006673860811924261
0.0015442146447049517
0.002082219201684261
0.0023637628783663533
0.007936108503902535
0.013902830451171678
0.020559491919719123
0.030135062692064857
0.01858549502594288
0.010774037081540578
0.001640160466007443
0.001313552809739278
0.00141902471783974
0.0015188455056515382
0.0016440500297253047
0.001639660418428224
0.002479934759831162
0.0024402416768246225
0.003621257973561173
0.029795493506400265
0.2949262560964727
0.440933976418583
0.2966809097780384
0.025345809749590713
0.002893192281401931
0.010023578113418627
0.02746770473725313
0.03566734680001057
0.02563202165336396
0.017237697046124052
0.0013566832835315977
0.00020725712870177818
0.001134662274663484
0.011638990021150443
0.028047209203086593
0.02996375845787837
0.03153720865356108
0.25604487414993266
0.4612263501451611
0.5202201721133788
0.2726618797276893
0.02285694380324283
0.002227786114343725
0.0016929992298790133
0.0018385257340784345
0.00197195688761646
0.0021646895931763882
0.004072668952173685
0.009962321450477893
0.02841221286904528
0.02300770988017831
0.019726650217220337
0.024797169235462883
0.036563067177635994
0.026811718588794952
0.010688887492793111
0.0013427335677498183
0.001594409730294207
0.0029478744614262176
0.002673949823440908
0.002783982802067328
0.0014774336710885248
0.0012057131363903525
0.0002515497406674458
0.0023038276770729403
0.021058223297128736
0.2713174322034465
0.6372769919372518
0.23689045485971189
0.8332436375886847
7.490745471640488
8.271761873821195
0.5711828243183145
0.028337231339307267
0.0026987364361876886
0.0022336842600678545
0.0024408482226631932
0.0026460687372172227
0.003722135428237797
0.017570883089475384
0.20456861729144538
0.5725202739784617
0.2733359599267738
0.01880425183985757
0.00402581240198655
0.003419327479521433
0.00323903034616949
0.0018277418926948507
0.0012508766259741136
0.0010915549894082001
0.0008932563263033028
0.0007394820171255667
0.0006171528674915545
0.0004656548845683673
0.00036549969531671
0.0003150865728152649
0.0031319826435060485
0.04012932863670214
0.5225350423133808
8.276269840641849
0.5256895562085523
0.182325480230776
0.41814714099435407
0.4633172521136382
0.20411729439190246
0.00997928185527492
0.003263938352081146
0.003087288026883206
0.0034260008586816794
0.0037503122728404295
0.005101243193032028
0.027142507994172487
0.4646548359585287
8.296990240604961
0.5218070005539853
0.030413750255239017
0.0042194010487283055
0.002715687248831169
0.00232006575938937
0.0019579851656207924
0.00154730801385121
0.0013713964513702003
0.0011017836271688863
0.0008893103875489132
0.0007206975520458285
0.0005806172147402547
0.000466244281084356
0.0003886677033776724
0.00344681829101165
0.03586705744578362
0.4739568371950922
7.465260921467706
0.4837654126498859
0.03893600114121792
0.024691898125332113
0.02687377374279754
0.017479815421597378
0.004480084860106187
0.0033304908387969383
0.0038331416351610075
0.004338380431744827
0.004795638073408811
0.005974045944309373
0.0250298146538383
0.42010600970694817
7.515574898448027
0.4634602547360133
0.021940466182455973
0.005055769844586058
0.0033006902059608424
0.002768027780211549
0.002318395476767688
0.0017636412033124541
0.0015749856019033523
0.0012505031951248059
0.0010091530559090023
0.0008165351092481681
0.0006578145859108613
0.0005286854759421982
0.000471557107756029
0.002340768609878569
0.0206188033637888
0.26085681476627204
0.8514902527693632
0.2304609855183122
0.02138110118425004
0.004350831352965506
0.004065279638024989
0.0038578918751444205
0.003717757733243782
0.004480081632113784
0.005313544410257193
0.006142112822060658
0.006906366945516173
0.00818920325808944
0.02449635558755288
0.30583170196938714
0.9432217694737395
0.35815360912866695
0.022428796664421272
0.006426936271725716
0.0044946474078847035
0.0037078744907088155
0.0030724149511526565
0.0023678095100665274
0.0020329541183195863
0.0015824090697019366
0.0012641565864053787
0.001016729426767753
0.0008169130278507177
0.000656170924499858
0.0005591440101146948
0.0012596984807911288
0.00880942823218502
0.02593500831047604
0.03063362577863387
0.016864538851864397
0.0047129405911360625
0.002343450429537501
0.0030509649770335137
0.003724215680763678
0.00466954894227777
0.005810788329217068
0.007110247302498133
0.008517782088624882
0.009923960988580524
0.011697626157616142
0.03298751755188781
0.4098049100792713
7.838163220247448
0.45766124864592606
0.03831210381943074
0.007690314922992463
0.005827905572483249
0.004677322524480633
0.003840038375266694
0.002925922867337688
0.002477516878535821
0.0018645523146857477
0.0014639450732168244
0.001164078386331683
0.0009268465186545584
0.0007398956757003196
0.0006448915898107261
0.0007620960387026193
0.0016749098612067674
0.0022796980767645927
0.002240609087041812
0.0019914504858109324
0.0021382137418226783
0.002679248263231935
0.003111309630908765
0.0038704841610012583
0.005206881502554875
0.006939300027194598
0.009388686410727496
0.012269625220168296
0.0143478202176392
0.01647906122117825
0.037028585908925424
0.2918391697431809
0.5417714182561868
0.3847479908240377
0.03395010174349395
0.009333092902213805
0.007556929529645711
0.005802902010004015
0.004490716966431304
0.003539436541850838
0.002603221405195605
0.0019052424816668623
0.0014484001476005937
0.0011062344836987432
0.0009172873540326104
0.0008076856746434935
0.0006728151232285723
0.0006507955426879387
0.0008487193538283247
0.0011365605062561353
0.0014935113527184925
0.0018624441389080292
0.002397769899427641
0.0031676845910891503
0.003827506303522085
0.004994982229384038
0.007040137777506101
0.010033043923107127
0.014224742418506528
0.019115792867143506
0.023336271699113946
0.02748171327745844
0.03767242556847967
0.06154949810803175
0.05862341538422163
0.05945102987482932
0.04223384700607697
0.013380144212565675
0.010363617601254429
0.007527560927904757
0.005595127844579647
0.004310572639059007
0.003153596714862749
0.0022772766874990615
0.0017015786544584072
0.0012874106753956976
0.0010475243659465111
0.0009040260942847402
0.0007597297214561462
0.0007329717164839491
0.0009578998238562628
0.0013229722876020077
0.0017102729655125055
0.0021361723337730175
0.0028054664502699693
0.0038344898511194366
0.004919679202723422
0.006539402463280375
0.00947834520529762
0.014227827413888866
0.022525471852337508
0.03232197366253443
0.043662064015214046
0.05631117116749124
0.06692865413598222
0.07116604914817366
0.06258691128925979
0.046636223987721305
0.031235075488097872
0.021043226362735916
0.014881860414487809
0.010046069359728634
0.007085256791487904
0.005309374968620717
0.003905311472904687
0.002706746565977993
0.0020267067108048114
0.001591502544271076
0.0012559009561879434
0.0010319695017158613
0.000871441158704542
0.0008369559457519802
0.0010733569847200283
0.0014378078975787955
0.0017755358582976222
0.0022139112354466113
0.0029443006670798314
0.0041556069692275524
0.005815785373483901
0.008233659295844787
0.012381193428440261
0.019120685720787917
0.03232199758787034
0.05052536242359925
0.08044418517919615
0.12317560325868658
0.16629222893731319
0.18986135074983332
0.15592976369115075
0.09710930100730489
0.05395615813765895
0.030692828048717355
0.018957915610887947
0.011817480584093645
0.00795824240496337
0.005836213988706479
0.0044197733946129145
0.0033985389528867487
0.003926141647772005
0.00435125155454703
0.002117581011761635
0.0011731873263285183
0.0008836672212765314
0.0008664110170330766
0.0011013772060227255
0.0014979157709565378
0.0018272260780395583
0.002236302650712968
0.0029912544344440762
0.004359371323176765
0.006275508995640052
0.009253521318915965
0.014508661287676333
0.02334522715001606
0.04366228598894682
0.08044420154165297
0.15658538707710457
0.2987351424542322
0.44047380182176293
0.49847953377496573
0.4481487556279162
0.2160350067907506
0.09054676352858106
0.0414584674813586
0.023243542511663804
0.013289109160762777
0.008554340532367822
0.006209686622429894
0.00489633457186812
0.010934151553114805
0.03391633337272003
0.04142945585563394
0.017101754368264027
0.002107583679092443
0.0009061382627261759
0.0009651258174622119
0.0012672064695350644
0.0027641416842944834
0.0030884094821103307
0.0031580280305682274
0.0035003713577872442
0.004645894265049593
0.006792795167791722
0.010317855609199178
0.016850921923074663
0.02764792587685674
0.05634908644157356
0.12317637459580376
0.2987353840655271
0.6554153224647211
0.7454661697369007
0.8776643042806852
1.225986159750682
0.4374058240792563
0.14040480953410092
0.0531357838239742
0.027785669232001958
0.015098795732086459
0.009424729114052875
0.006711879940096694
0.007588199572513532
0.050694533796791945
0.28402944832383364
0.8738381242468263
0.19508240416535266
0.010413476086177577
0.0018629735220422271
0.002072283918096149
0.007217823326511825
0.02009385487749094
0.025934922866018485
0.017179270288590672
0.011591291560499139
0.005997729640941737
0.00828507878435117
0.024873090127116228
0.04010128207747221
0.054086251505146864
0.07070915419508561
0.16640345385134384
0.44048549033653717
0.7454753473645588
0.25581670858812033
0.31435525191444996
2.1902661284055918
0.7404147584876223
0.18250925871950985
0.06164742698647617
0.03151027914277324
0.01714284552439667
0.010559663619784939
0.00925318071863549
0.02795865568228461
0.08537374779529304
0.5016717453762399
7.07639699376018
0.32254571003516797
0.025670380511255714
0.0026149525115868213
0.0028180041432582124
0.03833742157610825
0.21992691917139573
0.3251394047723034
0.31079341229806884
0.19839836438937344
0.03504701933631101
0.023663929752913364
0.0535093458110603
0.2920748203913698
0.3244177564525893
0.24938619443364765
0.19159610089973997
0.49954080373904886
0.8789391342712326
0.3151204165269461
0.36876254634369193
3.284888760060014
0.8383751885038138
0.1861980702256515
0.0605433223815358
0.033533570804365705
0.01846534012220651
0.011489816808315156
0.023795258496859078
0.23093208905728332
0.4262753808415103
0.7398647766975945
6.836447836323946
0.36597629427205963
0.041881952883269104
0.0036943585939501833
0.0022142215639720433
0.04071374223342048
0.9341363804967356
7.180398123407509
6.908104977627661
0.9578462186093143
0.3944844459224402
0.3250613165858701
0.06771380729952775
0.5191612821898743
5.591144219433728
0.3315534295882963
0.1703517532802369
0.6174322244044641
1.4017538801846277
2.2680120301107203
3.251948185548257
4.431063968793594
0.7210294458228184
0.14934239239353878
0.05151825719638063
0.030247037999170785
0.017233190962319074
0.011042348895546339
0.04535364922390742
0.31049667378124957
5.618089419318508
5.925476036075888
0.8733090094210029
0.27054240052260403
0.025580478943053035
0.0037547482640807933
0.00299247009496494
0.028036030700189236
0.21797097675062735
0.4393316811261994
0.4537498574357053
0.5448449086926068
7.173840683964924
0.48360946887542827
0.05473631589554905
0.22396973582667143
0.3848463738528785
0.23925397206391025
0.1080042603649525
0.5777126178626935
9.436297508538916
1.2490358155842902
0.7662108113099577
0.5956973441189892
0.29366281744128875
0.0977512125252473
0.04415825525062984
0.024257741035422123
0.014572966734004364
0.009808891722416394
0.029028561525498552
0.2725646803545386
0.55379633366243
0.5454912798145047
0.29441695731119794
0.05473410644900627
0.01278780094542129
0.0014027033945075962
0.0015881006380499027
0.0050812079152006175
0.019139175512989843
0.034218293648624054
0.04549725773955344
0.26868647435574916
0.6877412284609669
0.26770713630200305
0.02747754674459929
0.02250182565175008
0.03194137813118779
0.03402091092684442
0.062276963981607945
0.3285362434910754
0.8266143828462744
0.4740204640867921
0.17625010814336764
0.13855335297372162
0.08945332952545462
0.05125336941072764
0.030139177934008884
0.01848257371701598
0.011603206972002152
0.007773371901014819
0.006693078586917247
0.029438994841651002
0.054427041405055734
0.05512733736209562
0.034693839996336455
0.01079244607985425
0.0018812940742386273
0.0008920262888100494
0.0007612487228855798
0.0009699859842620165
0.0019639389628377172
0.0033756757693240626
0.0059403389528656725
0.026717254603398216
0.03962213634668832
0.02699683572933493
0.007895577395597498
0.008896065867406417
0.012796615918799745
0.019320460272702768
0.032267713468341105
0.05648090238175012
0.0743203607791147
0.06969507259372726
0.061131023167352826
0.05396291034750189
0.043080831544070525
0.029863131622037437
0.02022549919703314
0.013627735481983805
0.009016595440461161
0.006203169783160881
0.004501530635337455
0.0040972074669208105
0.004303396325969218
0.004237957116899629
0.002857324253973184
0.0014389824665292726
0.0009021469687891778
0.0007759389162681194
0.0006818090190774959
0.0008625555500281645
0.0015833064316161938
0.01714158111586441
0.02568893136530508
0.015190860916863174
0.009150147655491535
0.004536279369455824
0.005252462188083172
0.0067832874580544345
0.009279920465542492
0.013079872033658667
0.01866486053445811
0.024493917296764846
0.029634550901585163
0.030484028297436842
0.028676971989319535
0.02655831782865876
0.023450650968892164
0.018538028480449557
0.013816658684732773
0.010049280640742174
0.007014404450635665
0.0050350379820431395
0.0037509442876442357
0.0029664823263153483
0.0023074341009090126
0.0018180378018795614
0.0014061792798614815
0.0010539651292952288
0.0008059004755690566
0.0007106849413956938
0.0006656550464836822
0.0018383441127800728
0.018738824111521907
0.28199469149247786
0.5050883161244036
0.23044283891850673
0.020297527110426285
0.00408176889136897
0.0043074570727204935
0.005471013553363262
0.007113284303282672
0.009275692154616422
0.012300758594770242
0.014970279159852188
0.017014060216112587
0.017126350095605005
0.01662540338704378
0.01578226814970972
0.014346202918433417
0.012239311068805669
0.009762758944961482
0.007552363378266423
0.005543020721003636
0.004208780055486229
0.003236166096953426
0.002561498798343875
0.002018920327042196
0.0015952495703472737
0.0012573938010307115
0.0009574425276287661
0.0007522003258156988
0.000673520108294539
0.0006259455222796124
0.002201179684264971
0.030219885854877
0.8470734599924526
6.7675812433561635
0.3355956718003167
0.03781188722013759
0.00452056489990679
0.004456606622671699
0.00534086350614833
0.006191355158938921
0.007152015306527277
0.008494579427471092
0.00945069240732016
0.010160318971098526
0.010368574325106463
0.010096780826067856
0.00973167275142833
0.009147177897175153
0.007940137548617443
0.0066452811966429435
0.005452713995045661
0.004314298997547028
0.0033805612267233938
0.0026846354380742
0.002178238369475939
0.0016963649563053705
0.0013488668756261768
0.0010832786683182742
0.000854778604096797
0.0006739451162370219
0.0006251631917885005
0.0005266033440719224
0.0015536389045937937
0.02323006338801931
0.23725867503966577
0.39940872936869076
0.28482417106393404
0.032351481066009886
0.026072665607049385
0.03820945444516892
0.037288365969642696
0.03738804274170799
0.038485186018975624
0.02648449438377056
0.018242884057134354
0.007116381639254289
0.006997785959211996
0.0068342644306122365
0.006635344790124295
0.006328842927871189
0.005606672904553279
0.004853741184995477
0.0040817523674394245
0.003356427626971265
0.0026966538157220453
0.0021875069298189073
0.0018044148138764656
0.0014179745945042906
0.0011446881987525685
0.0009193944877204319
0.0007364657328214217
0.0005835080765505151
0.0005387430484758369
0.0004241748497227197
0.00100830798576512
0.007489941311162623
0.026236478761698406
0.04132785133881972
0.030556040247269822
0.03208433930884409
0.2352042574355458
0.3327703947650924
0.35855596037371396
0.35857984116392666
0.33325553810037445
0.23592078482170104
0.02389848338025538
0.005101783612174155
0.004873708338970054
0.004758825589037743
0.004644918778828639
0.004486465714285605
0.004090348910240679
0.0035933824133807454
0.003120852812292532
0.0026002966226250286
0.0021302493287805547
0.0017583858708649714
0.0014728471322730022
0.0011818684757345752
0.0009549104800046203
0.0007777983591396792
0.0006188286063763298
0.0004916658014791625
0.00045757367982187004
0.00033941044952108686
0.00045929961211698506
0.0009391932314177812
0.0020765950287238975
0.0026745728876873386
0.003068662558902541
0.024981861299281517
0.25662412656425976
7.054479591077963
7.4120147483965555
7.308924699291561
7.0593585405047605
0.32111724528423524
0.0240592545409135
0.0036795983330294435
0.003417941529629853
0.0034494147865864752
0.0033897514705363285
0.0032957580277734795
0.0030633543253748494
0.002768268103777127
0.002314867351831194
0.0019322509789242962
0.001624205224128285
0.0013752907953175448
0.0011790573812779852
0.0009728078209641867
0.0008157762949574395
0.0006435044750862188
0.0005093359766675564
0.00039732412292055053
0.00035451307295656986
0.00026360403488517067
0.000335928421510513
0.000451756179221689
0.0005831171759678943
0.0007853974931657258
0.0025743903429759347
0.01907768276409907
0.21901840199966371
0.970817203293608
1.043003619502643
1.0493372285841187
0.9147524192109633
0.3007943345248932
0.01998997626188975
0.0036719669856436913
0.002807178817181575
0.002770789225102418
0.002578393505420444
0.0024571959397924744
0.0022748907479932775
0.0021656173945776972
0.001961141876629777
0.0016511929334904697
0.001415168628557648
0.001243407492149782
0.0010350571433755578
0.0007956366398892264
0.0006387887476123483
0.0005087200792835657
0.00042720816013362017
0.00035547977053091437
0.00030606004005745137
0.00018926318146867576
0.0002515726484363642
0.0003335304472815644
0.00043321571332147034
0.000526189529256052
0.0008489473359293381
0.007237457594683226
0.041376013034591236
0.07860752310813565
0.08123053445789899
0.0860823920362141
0.06371995821947281
0.023383083807796082
0.004556649547437193
0.0019715163071267277
0.002005537532198878
0.0019158097064749927
0.0018242023683509316
0.0017564778579673862
0.0016229646820721138
0.001532416974098059
0.0014591627765703236
0.0012590365061602054
0.0010926647117272272
0.0009588926158613649
0.0007766656461132155
0.0006130122644332866
0.0004886358606005877
0.00038130192239118157
0.00031069061606063455
0.00026490880659162363
0.0002222041779283724
0.00013366758278813326
0.00018512375082932147
0.0002550628409916225
0.0003444474542345235
0.0004266834745704656
0.0006787146248179741
0.0023684893789975166
0.0048050987318320445
0.007348277972321832
0.007475489187865546
0.00731662803817982
0.005694360650108218
0.0038034516419488567
0.0019286341340633325
0.0015143043991319534
0.0015368018109405053
0.001434402287619588
0.0013492031678273742
0.001306158343050106
0.001215465625610894
0.0011735346466071335
0.001148797980662948
0.00101053375476849
0.0008839147331572979
0.000771787591641039
0.0006148192257981838
0.0004822652607894611
0.0003826925298427784
0.00029369252922638854
0.00023659759701786932
0.00019911797524409632
0.00015863773700799054
8.762906815311114e-05
0.00013026348054802039
0.0001930590099114509
0.00026721418688098355
0.0003338030680211283
0.0004321262976229661
0.0006674370848088936
0.0008560017108865523
0.0009297072949499795
0.0009943914916663514
0.0010846700014684458
0.0012078797951776956
0.0012394690370739583
0.0011335061585175156
0.0011324047975525724
0.0011681149773458417
0.0010894245896015003
0.0010132556374288385
0.0009804329079609962
0.0009224428148829818
0.0009061663472949343
0.000893955184596271
0.0007870973386215642
0.0006923090651322514
0.0006107670072630751
0.0004892592738561482
0.0003782589661420462
0.00029740540440827205
0.0002251410039584805
0.00017604355945271999
0.00014171152714758943
0.00010900283697070353
6.902494775070372e-05
0.00011518146708554984
0.00017360062531761913
0.00023979184278318105
0.00031272044031842403
0.00039199497974934426
0.0004767917903479957
0.0005651777751598268
0.0006522918907535505
0.0007370516147811892
0.000820917571055147
0.0008973136900737274
0.0009589627734038762
0.0010055238253128048
0.001036113954268326
0.0010495170985550164
0.0010512792351110222
0.0010371816892206455
0.0010041663344707288
0.0009587395332120114
0.0008978863449375512
0.0008218770274268677
0.0007382818789410154
0.0006514175416784138
0.0005639169457706203
0.0004771255498921439
0.0003920622898137198
0.0003123497144344771
0.00024010267130844385
0.00017404242912034206
0.00011514051882139504
7.002171709833283e-05
