0.3534454860502522
0.3527952220375041
0.34933887707353284
0.3460569617741053
0.34361631208114196
0.34190114261484206
0.3403718413283212
0.33431973994034814
0.3333887502830637
0.3318003852256793
0.33124376653551146
0.3256416260170867
0.3174666301849256
0.2844148289760234
0.2754067931651803
0.2623499940010197
0.26085540082497755
0.25826378115482035
0.24794245300472476
0.22243686708409735
0.21026011439864092
0.15158270898205636
0.10861757200939093
0.08825186874410344
0.08519111440398312
0.08300642919829618
0.08139393228305408
0.0810458555020643
0.0802069547758515
0.08006675394663328
0.07991438705045277
0.07980823623729986
0.08030880942593714
0.07998329041230877
0.08021976163371604
0.08016185231508971
0.07956074763934212
0.07924884325355283
0.07904420134855981
0.07887219491190406
0.07876445176619858
0.07773324505380873
0.07318421152304815
0.07312164530382992
0.07278972315055682
0.07237086181932527
0.0723219492046212
0.07229505165827713
0.07199301898299842
0.07176808682180803
0.07173714549366225
0.07148973045452142
0.06801320895959648
0.06752293111093868
0.0671178057023022
0.0669071776317357
0.06685145618023933
0.06679414730386621
0.0665712368083117
0.06650334482089792
0.06648705128782138
0.06650147103355854
0.06686726249560522
0.06557954373415882
0.0661593974650876
0.06614984412388426
0.06615373789135374
0.06649905082787082
0.06629442157957381
0.06638451282618138
0.06642959373228416
0.06635926961583885
0.06610533820905543
0.06567737285791696
0.06548504046383083
0.06547704523952448
0.06516083002176745
0.06496309443131917
0.06494466015732928
0.06495896335288921
0.06559321877022053
0.06531570234734556
0.06525613295977584
0.06532568918579541
0.06535339916395169
0.06534049545524745
0.06878723823455825
0.06877686650993944
0.06884655039845314
0.06883086932292075
0.06909579068174918
0.06888059948092341
0.06868438835951249
0.06864988190688623
0.06519878571128676
0.06514312606528334
0.05842444109132106
0.057925425952368464
0.05718978368903469
0.05749169036037236
0.05842458447382619
0.05717955775905113
0.05725962990929335
0.056542547957608325
0.05653654504886442
0.05651892730945213
0.05449600363946447
0.05346932307539696
0.05169582445688188
0.05156060841309543
0.05072271570020529
0.049377395348710676
0.048690043079930356
0.04750426443309364
0.04744108883218366
0.048301521752431485
0.047776552017412655
0.048362693454899644
0.046489080458251585
0.04653410450070742
0.04653310629323941
0.04656767314977693
0.04518631540075415
0.04043347737657655
0.03966335378819641
0.03943335810561929
0.0393900886641024
0.03922634269015039
0.03908638813285724
0.038789764434301946
0.03843512161339082
0.0381526266407569
0.03700922848907925
0.03678482427457257
0.03673684385779508
0.03590444085596469
0.03589139846002688
0.035845157521252224
0.035528249604571474
0.03530447076700113
0.03520548898904965
0.03518744004122398
0.03521090963935048
0.034292733802796245
0.03430635782926512
0.028514795511673272
0.027634340420428324
0.0272308030142221
0.02720643430700674
0.027239479929145886
0.027222941521465403
0.02724301458488596
0.026749811428755776
0.026499613697834122
0.02609685211624881
0.026058627854871442
0.025993416998226118
0.0259677496899706
0.024487128169899234
0.02444439898809093
0.021925075348119483
0.021661109771050686
0.02144396582924667
0.02139535761282233
0.02101590816443887
0.020985675932988775
0.02094151987710291
0.02074232176202877
0.020685743362623712
0.0203098246257244
0.02032554910021996
0.02032529391723004
0.019745059851585114
0.019302527215194206
0.019292031762230707
0.019070781002847387
0.018970474371139932
0.01888992037230586
0.0188439720552934
0.018713322112215408
0.018695200876227634
0.018416874847394793
0.018208441458423017
0.017988320012978846
0.01784138784316522
0.01775743645911507
0.017694733627936086
0.017559426430406342
0.017560748384727983
0.01748820689289452
0.01733717509611313
0.0173165391533989
0.016399486940311975
0.016288856998629836
0.016209985212051647
0.016133825407353097
0.016136674802019923
0.016095138488901838
0.01610042960921017
0.016070652917490002
0.016018753372005815
0.015912368435282785
0.015898700607347695
0.01586961080559747
0.01587397344761637
0.015851900622835435
0.015689004935222302
0.01568512756023921
0.015596513485044254
0.015458147890970749
0.015459987500561392
0.015462753092542292
0.015452234333386806
0.01538968325202498
0.015362434113489969
0.01546968090972516
0.015376627863061976
0.0152175541790823
0.015269335046169334
0.015307558456508073
0.015214300066853585
0.01520070381588758
0.015093636296559979
0.014986826930522536
0.014883833636149155
0.014816462521206365
0.014713036085235092
0.014674546617873312
0.014675644074211333
0.014747498214379361
0.014560458280064196
0.014503094486191545
0.014454721115975813
0.014424445841155546
0.014344069198863992
0.014339657312320453
0.014190864501874878
0.014138826086596997
0.014178262427693147
0.01414752704360363
0.014157090744012144
0.014180266600978784
0.014162499242503845
0.014151687024414385
0.01414866186540508
0.014135797065843047
0.014121267991224047
0.01413507179544316
0.014141188247172939
0.014140682742560936
0.014121849470075484
0.014123984895560937
0.014145486991968742
0.014107237895317684
0.014107875233465598
0.014114439378212391
0.014120738674236473
0.014114268277063429
0.014113336915335341
0.014113267826316766
0.014009696441848905
0.013895881936501233
0.013899536443225995
0.013885599959773828
0.01388775751876334
0.01388699984772281
0.013825495384780447
0.013836367089888455
0.013839721113478745
0.01381019766288286
0.013785097840542198
0.013772929829061193
0.013777847963612058
0.013767463105599974
0.013762682745842894
0.013698116328058584
0.013703197809392382
0.01367905011641728
0.013685788855266452
0.01368229768312101
0.013648729212447907
0.013655259978025405
0.01365582049764926
0.013601126274192304
0.013604247169890744
0.013604552665003876
0.013564146122826111
0.013556004354778824
0.01355785861156863
0.013519567765088515
0.013522623053450679
0.013501577812952989
0.0135203764726516
0.013519296983350693
0.013513004713272093
0.013472001901436957
0.013472671433424179
0.013476556912775661
0.0134752116780577
0.013481937373502444
0.013342623705667498
0.01329514806863589
0.013276397562622921
0.013271307763368895
0.0132576263552748
0.013256217382291043
0.01329617519796235
0.013300833224064874
0.013236118553371574
0.013220718344408121
0.01322033510608335
0.013176931458176057
0.013173115453442224
0.013169798278055677
0.013166270925916743
0.013166803734635364
0.013312068958085455
0.01331391922861944
0.013271025742228765
0.013271539399504635
0.013213270827213628
0.013215333080714408
0.013184589566853346
0.013182538704979319
0.013157537101690854
0.013157449336898473
0.013155173279548384
0.013154940728454972
0.01315662264062355
0.013149234043192494
0.013149205302652994
0.013148240510856588
0.013122197729404263
0.013119396660581371
0.013118775964745822
0.01309178487655512
0.013083464852017897
0.013040810845479731
0.01303604115207269
0.013013569473778554
0.01300503156397831
0.01297697830843328
0.0129799083798611
0.012982518227748856
0.012983390875933642
0.012963682910868449
0.012952609394763332
0.012959010122326246
0.012965635752227662
0.01296967816366523
0.012966515286834658
0.012957959843120457
0.012959165077437869
0.01295721799311315
0.012939717198673805
0.012912178109108349
0.012883597821065287
0.012895872416831045
0.012896715915216747
0.012886917400971455
0.012869669413882857
0.012848790806991308
0.012840190301832219
0.012843460380855338
0.01282951345897019
0.012825446828713498
0.012830053506232465
0.012825935398016046
0.012825430465733067
0.012801449273014283
0.012782147035056202
0.012754327407204901
0.01275452691998341
0.012742637512826656
0.012746119976111291
0.01274615532064467
0.012720663341904484
0.01262972593831003
0.012597995855171717
0.012606059052945505
0.01258730452880117
0.012582916095166166
0.012574165635094349
0.012579709693326257
0.012564649057763796
0.012544622472334123
0.0125443660158928
0.012521918707566712
0.012523705349788526
0.012498214077499651
0.0124960107765075
0.012493474510663384
0.01248421219399458
0.01246679268433345
0.012462902931274366
0.012438486473806638
0.012422927962222444
0.012415407209160298
0.012415010160466453
0.012398456188972538
0.012384890566446823
0.012383173118966957
0.01236742989223709
0.012367500647910963
0.012355821191578372
0.012333010627870742
0.01231632432607054
0.012315436718721219
0.012310536006043997
0.012296231569175916
0.012289495189290248
0.012293755456746056
0.012294091282532345
0.012286625619410995
0.012275742570458829
0.012263325539438855
0.012253019585628626
0.012245385496871432
0.012220680823575915
0.012222678460234459
0.012224216217603555
0.01220529924101842
0.012198562466642568
0.012189547904973971
0.012191300407648034
0.012178621261019646
0.012176813268988777
0.012167225507042098
0.012156523423655394
0.01215521328926009
0.01214697148300314
0.012148487709746423
0.012151326230941157
0.012151493375383262
0.012152650555448122
0.012149410283468562
0.012138518160949095
0.012127011471674077
0.012114138288871373
0.012115139789044214
0.01210097565550314
0.012096409286229386
0.012097193308115818
0.012097388720538688
0.012095515793570493
0.012081067709555334
0.012074399925415312
0.01207165271687188
0.01205839772631284
0.012052094132376569
0.012044484179785365
0.012045697944187389
0.012036610508077122
0.012036232054119673
0.01203337484139401
0.012023722281112093
0.012011285926822457
0.012014637841959436
0.012010909404392317
0.01200214395062765
0.01200221163250519
0.011999632167859858
0.0119963327612366
0.01200166290008535
0.011994253934102202
0.011996444855436583
0.011988595384838522
0.01199009860399991
0.011989470759557645
0.011983631960449284
0.011978068521358479
0.011970765785646731
0.011968710494384265
0.011978598036844888
0.01197767713885479
0.011978088173883225
0.011976166224931464
0.011974338306867853
0.011973981689438095
0.011966740647375887
0.011961395941923995
0.011960594992611043
0.01195714360645291
0.011958233511324138
0.011953525998516153
0.011944421139250148
0.01193832599261349
0.011929774491563223
0.011925194043171508
0.011918635227855396
0.011911640575148463
0.011902188703001188
0.011906797116345394
0.011897775752907269
0.011888690760298175
0.011881102122931286
0.011876535934092991
0.01187617130112392
0.011875722080408161
0.01187040004830116
0.011872974552670789
0.011867855471544791
0.011865163971987582
0.011869858977462835
0.011861969409063288
0.011860949191384203
0.011863429285241827
0.011856261111189282
0.011849892166209457
0.01185204068570716
0.011847180481111996
0.011845493712253258
0.0118412037769138
0.011840331119194265
0.011839500715257304
0.01183993885611703
0.01183621795762344
0.011832956465412369
0.011833769756154983
0.011835650992489243
0.011840871736668547
0.01184508719124331
0.01184133367320803
0.01183630583572227
0.011830238513807925
0.011824886845548993
0.011825481447133841
0.011820716336044309
0.011818104360950904
0.01181984375612675
0.011817819470144904
0.01182259866450438
0.011827345323721981
0.011826859052273618
0.011819419403212161
0.011814997058866274
0.011806456527751497
0.011805101760676182
0.011802157664034427
0.0117992984619838
0.011802796488004523
0.011805698186886447
0.011799044026894176
0.011799078015374987
0.011797699212497226
0.011797125365975478
0.011794240140029917
0.011787149470810346
0.011798302138973735
0.011801083454982311
0.011801376770255487
0.011798347756846954
0.011800726899939449
0.011799169895016635
0.011793872141750062
0.011800678011398455
0.011805193354327533
0.01180191451839054
0.011795809355314262
0.011795032244643682
0.011790167359924648
0.01178842055315296
0.01178567213741133
0.011784809713086859
0.011786610526162238
0.01178305155438301
0.011802506431738644
0.01180231173219277
0.01179987135106901
0.011800151243967341
0.011804032029759822
0.011798978821084124
0.011798564536172562
0.011795617476815694
0.01178723476838191
0.01178770713728516
0.011782826476968591
0.011780047431112701
0.011782083031056398
0.011782431749493305
0.011773654813102136
0.01177402060613291
0.011777519229922054
0.011758089912599861
0.011757525572592865
0.011769923365867562
0.01177026531294578
0.011772464252670799
0.011768959001788913
0.01177202752951595
0.011764892865008694
0.011765571053089794
0.011765808723059913
0.011767144285552849
0.011763426233989023
0.011761847186858505
0.011753384850430367
0.01174994791186676
0.011747741525085191
0.011756591511242934
0.01175485544961641
0.01175450752881335
0.011756960948252617
0.01175166191033889
0.011752071942371562
0.011748228439293018
0.011745827795882565
0.01174599266575232
0.011743090584074092
0.011744782001736424
0.011746292503213084
0.011746458841803292
0.011746912237062137
0.011744953424268968
0.011743934259902238
0.011758762878580175
0.011759659736484946
0.011763080737165693
0.011763515026512635
0.01175957428636154
0.0117612470500751
0.011764239625977103
0.011758553902967355
0.011756486281334667
0.011756208878989765
0.011751749490195385
0.011752035852758639
0.011755091421009181
0.011756442910897892
0.011750427594167048
0.011750937252966337
0.011762345366318644
0.011758703729301266
0.011758857794222312
0.011759220162490983
0.011767313175027286
0.011764730536623236
0.011767483384223903
0.011774095204439007
0.011777408139672138
0.011772754099759572
0.01176824604900387
0.011766680330945906
0.011765239569542079
0.011764488952167711
0.011763987603941786
0.011764168914943928
0.0117565350250664
0.011748545274855946
0.011751416673696072
0.011750544202971896
0.011758003365209655
0.011760405622922921
0.011758413986105276
0.011758409343481954
0.011760023460274681
0.01176338841265863
0.011770192297062703
0.011763832671052712
0.011765928799279216
0.011763655264588628
0.011761699648162286
0.011764697461053136
0.0117649085500264
0.011767679720794661
0.011768265574817615
0.011771318010225289
0.011773466635460344
0.011772086790432708
0.011768307542989166
0.011768441447127069
0.011770837419301282
0.01176899776317492
0.011776376574626919
0.011781436506807925
0.011782692834940196
0.011777428028580632
0.011777119271780562
0.011777065230141014
0.011778557147677872
0.011780229693489927
0.011779088057063902
0.011777970005195591
0.01178547134615012
0.011785564949072761
0.01178579302189217
0.01178683103703373
0.011786162080090767
0.011772391717873337
0.011772479313245637
0.011763736237737863
0.011764149658011161
0.011764238296301398
0.011767175766089755
0.011767609448886022
0.011770843182756768
0.011784798442692366
0.011781149353047886
0.011773342749347283
0.011775750273253964
0.011775769315757231
0.01177629500424822
0.011767870170234852
0.011772349360233355
0.011778806296334824
0.011781663161752677
0.011780802762217544
0.011772291731911353
0.011763956817629321
0.01176586723080387
0.011761795853666651
0.011764524113346648
0.011753051828842493
0.01175351238871803
0.011753667101959615
0.011755917596772704
0.011752383606663372
0.01176806645259122
0.011759485832956024
0.011764403271434788
0.011763609550136634
0.01177744538076092
0.011779551178311158
0.011779048361035218
0.011771755945814838
0.011782677955364296
0.011796207424621907
0.01179408830336555
0.011793959778156766
0.011796467711705186
0.011801604598832255
0.011803109223560457
0.0118038737248697
0.011805101078150155
0.011804247972612602
0.011797897223142725
0.011802015520816918
0.011802041419038744
0.011810282544278227
0.011812501407383696
0.011816116814271535
0.011819090753146242
0.011821561843918823
0.011822994008922618
0.011825452737269645
0.011825475996641301
0.011816256408891621
0.011811131195051248
0.0118123107229907
0.011803344225832277
0.011810193960901667
0.0118186455930891
0.011818512716047409
0.01181807202053704
0.011824709967815627
0.011820093167565451
0.011829854963691032
0.011823694462285284
0.011829538921980928
0.011820489208478509
0.011821476404180286
0.011820167851594999
0.011824027958261103
0.011824424035392465
0.01182130818395027
0.011814155427993507
0.01181346828510195
0.011815958186824677
0.011815956182235746
0.011806564989418749
0.011810492761150005
0.011811026163432615
0.011815432236991547
0.011816260290645779
0.011807954927032242
0.011808659700151873
0.011817096539362032
0.011817563984289441
0.011821565833281176
0.011822366918457904
0.011828433284167396
0.011829196093262266
0.011825406044586192
0.01182311128938614
0.011810727813662799
0.011807897073788832
0.011809858191571767
0.011812446354691487
0.011808964527123086
0.011801593571332135
0.011801887479429868
0.011798817493225611
0.011798741552568432
0.011797836082541384
0.011797165876954714
0.011797510109471273
0.011791849713855412
0.011784414077726284
0.011779930868513203
0.011782175282763903
0.0117825228410103
0.011782590057372443
0.011777438625220009
0.011780777017651279
0.011784185810202743
0.011784236981801519
0.011780328886497757
0.011775965917837066
0.011781634470919252
0.011781989954063998
0.011783872268447116
0.01178809255087123
0.011785076499303871
0.011783168968324115
0.011778552459586204
0.011775538400079118
0.011774001157291875
0.011777589165267367
0.011772402708527507
0.011762285838756296
0.01175226558500199
0.011740441806296003
0.011730536566668896
0.011721012809747682
0.01172253078270508
0.011716101970027365
0.011716477388511384
0.011716858800427674
0.0117184436959257
0.011713648721017432
0.011709283065850463
0.01171429423533948
0.011714675053350039
0.011715802813859052
0.011706963173151562
0.011697851267096625
0.01169824598494161
0.011695698919015918
0.011691399753841277
0.011690218241085968
0.011693016072149516
0.01169547655801739
0.011695741263310015
0.011687734649649447
0.011685228208229549
0.011677168105949126
0.011679940515313906
0.011675591368051267
0.0116780798033572
0.011678439536403344
0.011679835893919644
0.011677878722774536
0.01167551272779512
0.01167177965664829
0.01167044339499279
0.011662720721420536
0.011659872870734852
0.011648240445014398
0.0116417984244209
0.011637627755443334
0.01163062738183533
0.011623517712895609
0.011620914499775913
0.011619699997546003
0.011613403872917418
0.011613776959036853
0.011617719865545089
0.011614156033981157
0.011603438330548414
0.011594150492107016
0.011596848023013832
0.011599329743077237
0.011598179094878189
0.011595108257911482
0.0115937629507633
0.011596526696398808
0.011598976627025102
0.011599345723886996
0.01159328927174852
0.01158704392866595
0.011585564705751625
0.011586977350476205
0.01158831096282658
0.011583145934354968
0.011579715352415778
0.01158034552542781
0.011578093925944237
0.011579379028746468
0.01157821837975333
0.011576066280260297
0.011570832715336647
0.011567960198117887
0.011569561632548747
0.011571657045326306
0.01156343411147703
0.011563772513507584
0.011560906841738846
0.011559838623353216
0.011561016681894324
0.011555934631768072
0.011550576316910623
0.011548162214874948
0.01155027354072894
0.011551792043514359
0.011547396793932052
0.011545501244279088
0.011545795398563282
0.011547621215493601
0.01154640772823111
0.011544411541567138
0.011540731373487543
0.01153441519760015
0.01153364967163134
0.011533661292921573
0.01153519201131923
0.011534011696636095
0.011533233167789102
0.011528939974557445
0.011524813518756973
0.01152692493588623
0.011524471452222903
0.011524033511119518
0.01152543548503527
0.011525685943572271
0.011526835900686792
0.011524050625913614
0.0115221970806744
0.011522371074153928
0.01152321147423579
0.011521000947065218
0.011519069160402264
0.011517531350904407
0.011515989748842713
0.011517962696967738
0.01151741986163934
0.011514265907705592
0.011511071027221957
0.011509519526329132
0.011507396636709142
0.011506841660118082
0.011507801806066923
0.011507830884538306
0.011507910961719006
0.011508031564111452
0.011506487834945596
0.011506073586338249
0.01150491868881331
0.011503738493616397
0.011502530596205268
0.011500985110733029
0.011498652240881015
0.011496499072948385
0.011495600035038515
0.011495314052030995
0.011494978613020462
0.011495814271710368
0.01149424863565656
0.011495220556577269
0.011496259471636544
0.011496351190299287
0.011495940115281439
0.011494384134369972
0.011493914676192608
0.011494659449758804
0.011493714670456312
0.011492150421741731
0.011490810907018452
0.01149031391462811
0.01148947184801891
0.0114881808731791
0.011487357711039755
0.011487172524779592
0.011486392670708981
0.011485221585067875
0.011485252288841785
0.011485826871312207
0.011485825728373453
0.011479960297350694
