0.09299324671565617
0.09282660542283226
0.0919049878916013
0.09103387723334924
0.09038685888684254
0.08992951023762685
0.08953130714963056
0.08792045630331301
0.08767446035585195
0.08724762990587678
0.08709425425281232
0.08561815320391508
0.08345107537226605
0.07470705126452717
0.0723249340373829
0.06888833701069275
0.06849235710711232
0.06780110669083148
0.06506039256085677
0.058288145338160166
0.055084583137140215
0.03967209506979067
0.028414598164828345
0.0230805868593819
0.02228164312986581
0.02171383841961975
0.021294866324565752
0.02120555889478617
0.020988323832023325
0.02095188196469102
0.02091001439710487
0.020882710756957454
0.02101405230259983
0.020928298603495148
0.02099070477311305
0.020974785378106722
0.02081678969087433
0.020734693673760053
0.020680946083508577
0.020635963389653112
0.020607736453851375
0.020338571556688025
0.01914766574291372
0.019131360206101507
0.019044285095525585
0.01893429525741338
0.01892146501601686
0.01891418165782918
0.018834054577224413
0.018775717686046765
0.018768039657515393
0.018702624241800917
0.01779240367397196
0.017664588825438757
0.01755782988149857
0.01750298976895066
0.017488465393692462
0.017473882692551214
0.017415691512740476
0.017398371517128787
0.017394092748056554
0.0173978314977364
0.017491545511576896
0.01715266852555266
0.017304656296411668
0.01730199490872742
0.01730298661950489
0.017393263260066554
0.017340070603400762
0.01736346426697693
0.017375340090818866
0.01735853075967514
0.017291564903879522
0.017182719261252394
0.01713202678661005
0.017129644476666057
0.017046812682695332
0.016994709303965138
0.016989856046865027
0.016993748168226845
0.01715915943131492
0.017086428391900988
0.01707017354172883
0.017088566729803814
0.01709551610647632
0.01709217354177348
0.01799306377580921
0.0179901948393476
0.018008290025128226
0.01800431275184952
0.01807316643812061
0.01801710101973546
0.017965362473981936
0.01795593354674241
0.01705293004911823
0.017038371010778805
0.015281083661520324
0.015150565721146484
0.014958442628538038
0.015037044833192148
0.015280226023838014
0.0149539268684881
0.014973635445094518
0.014785165052515774
0.014783567885120877
0.014778184305048877
0.014248356625873667
0.01397921847599267
0.013514743809326556
0.013479167613617017
0.013259026803173386
0.012907216629785221
0.012727600152647806
0.012417980177841776
0.012401228279721156
0.01262578294723278
0.012488677345753249
0.012640479614798552
0.012151654106358304
0.012163524420439203
0.01216268089472166
0.012171162152773935
0.01181043571336451
0.010567600847051576
0.010366540479634442
0.010306256574098114
0.010294923737761969
0.010251993870305062
0.010215302164223233
0.010137860336555112
0.010045380952738539
0.009971699435798065
0.009673781538195059
0.009615339755583322
0.009602816306451
0.009385930287104409
0.009382457663246847
0.0093704637367539
0.00928765996985932
0.009229207454635211
0.00920341329313727
0.009198715124100672
0.009204838185561734
0.008964683808140961
0.00896826028390276
0.007454790302173461
0.007224766122445998
0.0071192233634615396
0.007112838571063753
0.007121479859791119
0.007117160734166767
0.007122227429722757
0.006993319331406119
0.006927739101604087
0.006822628241297022
0.006812625045812696
0.006795564803505255
0.006788850448671276
0.006402144056318348
0.006390955304537986
0.005732478458164617
0.005663507026702008
0.005606799716549225
0.0055940890011966895
0.0054950014003049
0.005487162972072379
0.0054756402566608214
0.0054235474078805366
0.005408710495607841
0.0053103913264213945
0.005314473899903923
0.005314403278279832
0.00516276083796772
0.0050471370651995
0.00504439031251179
0.004986629102915318
0.004960397670743762
0.004939302417501298
0.00492728162866069
0.004893094094931375
0.004888367570926279
0.004815653785683089
0.004761210999143594
0.004703715989465493
0.004665275543228379
0.004643318750440334
0.00462692456390897
0.004591581484986609
0.004591947513296231
0.0045730077676147006
0.004533555062825034
0.004528159080340592
0.004288241041957688
0.004259285961191563
0.0042386517857388615
0.004218732782788183
0.004219481658782919
0.004208642662617192
0.004210027129379428
0.0042022235034128285
0.004188685443383641
0.004160819739999055
0.004157245901585528
0.004149633971552255
0.004150776046573434
0.004145001572899974
0.004102432862633412
0.004101420023662032
0.004078278514749603
0.00404212153316126
0.004042607839339373
0.004043331221529429
0.004040593314384417
0.004024222423066919
0.004017096696155609
0.0040452118415508715
0.004020838852959757
0.003979213321328506
0.003992798472412073
0.004002759678851481
0.003978402320306831
0.003974863107725598
0.003946781133529239
0.003918875780494131
0.0038919653028808825
0.0038743705393598903
0.0038472854066811195
0.003837216334128057
0.003837509017390455
0.003856272746389852
0.003807358801863947
0.0037923725473568326
0.003779714606834274
0.003771796448880193
0.003750804661878289
0.0037496553202358983
0.0037107155611826614
0.003697128857494867
0.00370746417377877
0.003699418975239758
0.0037019297172403882
0.00370796509614095
0.003703314410121954
0.003700496380379929
0.003699701862431418
0.0036963301145009264
0.003692520823820527
0.0036961064461641232
0.0036977040802549646
0.0036975644953300664
0.003692621175297549
0.003693179292900218
0.003698806986665513
0.00368879107160506
0.003688952313748605
0.0036906681314566193
0.003692308506764797
0.0036906127099774833
0.00369036775334092
0.003690342026180086
0.0036632393559914286
0.0036334931548244282
0.0036344422907092044
0.0036308053634418348
0.0036313731388482144
0.003631175584155209
0.003615117541924923
0.003617941573800933
0.0036188190092035066
0.0036110933528108826
0.0036045271593518812
0.003601354649602594
0.00360264077896074
0.0035999362102331874
0.0035986843697123246
0.003581826141882729
0.003583161711298754
0.003576862630959026
0.0035786232166281663
0.003577709915961481
0.0035689561013192077
0.003570657148413844
0.0035708032106990975
0.003556519498181278
0.003557335863640932
0.0035574159806520318
0.0035468655667730306
0.0035447336849443248
0.0035452184688676658
0.003535223620692914
0.003536021046873876
0.003530534852074637
0.00353547343872256
0.0035351888017071545
0.003533547711425148
0.003522848715453245
0.0035230133679520835
0.003524024679975979
0.0035236717918090627
0.003525429345835835
0.0034889873345305693
0.0034765945541299853
0.0034716771074707257
0.0034703449213947636
0.0034667634192691757
0.0034663920507036414
0.003476827922338049
0.0034780398139835286
0.003461101451364466
0.0034570636447816615
0.003456956386669586
0.003445628365334029
0.0034446424340914467
0.003443765606535013
0.0034428454693009075
0.0034429818447525642
0.0034809794161433528
0.003481460511232337
0.0034702255223565174
0.003470358717385295
0.003455128543256063
0.0034556669494387074
0.0034476161144466
0.0034470789476370623
0.003440496845457749
0.003440474025327451
0.003439867019518561
0.0034398055682970633
0.0034402288726934536
0.0034383092522791985
0.0034383020759968025
0.003438048109366428
0.003431246683527267
0.003430526729205577
0.0034303740991614385
0.003423313973147104
0.0034211206880369297
0.0034099865745777884
0.003408742091819115
0.0034028565436748123
0.0034006226440670543
0.003393304888102416
0.003394075684347738
0.0033947485188328508
0.003394972476999568
0.0033898143791437994
0.003386909013580085
0.0033885795689427966
0.0033903084009098998
0.0033913621600926806
0.0033905313529436097
0.0033883035523571635
0.0033886152537653076
0.003388102672131263
0.0033835274679265984
0.0033763396732052653
0.003368843052369054
0.0033720602167991395
0.0033722698215170968
0.0033697087384517255
0.003365183644862279
0.0033597173982985334
0.003357466325958598
0.0033583218965216022
0.0033546889776813753
0.003353617469928121
0.003354820660808177
0.0033537515524277766
0.0033536147107479427
0.0033473587178391253
0.003342322370151937
0.003335067865480933
0.0033351312809308136
0.003332016365499925
0.0033329233400362745
0.0033329324470779925
0.0033262821060227135
0.0033024855009089493
0.00329420850660248
0.0032963108495547328
0.003291425787087167
0.003290280572504064
0.00328800694563654
0.003289452679670504
0.003285502028893855
0.0032802835548263972
0.003280211138684466
0.0032743584084313957
0.003274819316102965
0.0032681721026856145
0.003267607513940829
0.0032669542385011453
0.0032645400450482744
0.003259975495972777
0.0032589535708018704
0.003252583986968889
0.0032485101633751286
0.003246540116695649
0.0032464335699812583
0.0032421166994165925
0.0032385792171643105
0.0032381363284981492
0.0032340356399428107
0.0032340583639693366
0.003231001687721827
0.0032250342752633025
0.003220664146453031
0.003220440119549375
0.0032191548422946244
0.0032154263419956817
0.0032136780949417135
0.003214781288987042
0.0032148687463868317
0.0032129259275068462
0.0032100693790165892
0.0032068373894555136
0.0032041534559776566
0.0032021696545566896
0.0031957057137124755
0.003196225293344111
0.0031966227511421442
0.003191693314240043
0.0031899339589561136
0.003187591475830595
0.003188057667941022
0.0031847271337821356
0.003184266349742309
0.0031817734364084976
0.0031789843859955985
0.0031786520723397237
0.003176492772573095
0.0031768868433296937
0.003177624150845279
0.003177659754394248
0.003177952595374889
0.003177114244054564
0.003174276339872192
0.003171280765566771
0.0031679094841188258
0.0031681813248272297
0.003164493521924209
0.0031632962850758083
0.003163504962343289
0.0031635567231783285
0.003163072726148291
0.0031592834396728556
0.0031575488348276745
0.0031568233558312967
0.003153369356269705
0.00315172940480674
0.003149734811424925
0.003150051238109993
0.0031476895223178972
0.003147581683100316
0.0031468428100595207
0.0031443090260048997
0.0031410484069879963
0.0031419157128009284
0.003140953433008647
0.0031386714419872125
0.0031386885447681903
0.003138010464917343
0.00313715705941719
0.0031385483714353977
0.003136629877204866
0.003137207913423685
0.003135163958639819
0.00313556592303003
0.003135398103362558
0.0031338739474849418
0.0031324226202564323
0.0031305185201048326
0.003129981918814718
0.0031325566956757348
0.003132320737318182
0.0031324386917003172
0.0031319384994956917
0.0031314531294318873
0.003131370256467822
0.0031294728765466043
0.003128083229966479
0.0031278861588300436
0.0031269805125464373
0.0031272572701300867
0.00312603824676649
0.0031236454165847628
0.0031220499857614534
0.0031198287073426275
0.0031186447297646557
0.0031169384564536293
0.0031151207878213428
0.0031126428773786637
0.0031138438844904182
0.0031114954428074753
0.003109108847250018
0.003107137864091506
0.0031059517392582575
0.0031058576094623166
0.0031057327569384624
0.003104327376316175
0.0031049918773662193
0.003103646207210693
0.0031029544505711514
0.003104181651925657
0.0031021099507641055
0.0031018371739685927
0.0031024918283835564
0.003100621267803174
0.0030989646253259087
0.0030995359189461
0.0030982722153758296
0.003097831325782291
0.003096717027320309
0.003096488766821302
0.0030962650427346565
0.003096389841743914
0.003095414056477054
0.0030945577357365
0.0030947800723597893
0.0030952630672707398
0.0030966213706171623
0.0030977185619226735
0.0030967441108148293
0.003095424629821091
0.0030938315435595455
0.0030924450615829927
0.0030926117395387864
0.00309137324010127
0.003090691565390505
0.003091138065922687
0.0030906194071402496
0.0030918661240940935
0.0030931077370916866
0.0030929752892782988
0.003091017876189946
0.003089871687576155
0.0030876439608019824
0.0030872859570197637
0.0030865140997554216
0.003085773746418872
0.0030866860947009436
0.0030874517595931967
0.0030857213526335075
0.0030857253338619573
0.0030853588851266806
0.0030852094763878066
0.0030844660276322373
0.0030826016525839005
0.003085526781462001
0.003086251334967792
0.0030863206826465483
0.003085534897655358
0.0030861667810060437
0.0030857583706132476
0.003084378317257908
0.0030861650858539226
0.0030873399800628353
0.0030864887420376246
0.003084883912690112
0.0030846874343999774
0.0030834231841909586
0.003082963291582589
0.0030822508960887335
0.003082017098427508
0.003082483042416968
0.0030815455767475197
0.0030866412506847674
0.0030866000071069597
0.0030859576380696543
0.0030860260691543393
0.003087042116301092
0.003085714210052004
0.0030855994573925267
0.0030848237881777674
0.003082635816337556
0.0030827588241384048
0.003081488274251113
0.0030807680949911627
0.003081292027570349
0.0030813781051316916
0.0030790740164644828
0.0030791643799440334
0.0030800779562859815
0.0030749933785636863
0.003074855077231606
0.003078105197453432
0.003078193515493625
0.0030787632176187624
0.0030778532962688504
0.003078663123570262
0.003076786308833758
0.0030769737447270645
0.0030770357759554315
0.0030773776880594363
0.0030764003292452725
0.003075998014597138
0.0030737956344772982
0.0030729065696068303
0.00307233492466496
0.0030746437326133005
0.003074195051501467
0.0030740984990400067
0.003074736534701846
0.003073359950891188
0.0030734617259811268
0.003072452636728667
0.0030718303748150863
0.003071872897666188
0.0030711088353986334
0.0030715408707198554
0.003071945337366975
0.0030719887914773814
0.003072103377190819
0.0030715966505489517
0.0030713259224792976
0.00307519444269874
0.0030754226045303585
0.0030763169848114936
0.0030764301690002598
0.0030754072225804285
0.003075840138362873
0.003076620223240775
0.0030751238217009017
0.003074589086642858
0.003074515922999852
0.0030733417621694984
0.003073415799610137
0.0030742166194700498
0.003074568069542828
0.003072997995789178
0.00307312938433933
0.0030761210327104774
0.003075162295400717
0.0030751995090796858
0.0030752943052461657
0.003077418900810624
0.0030767498677071246
0.0030774673617531786
0.003079190063829578
0.0030800519695232333
0.003078843590252384
0.0030776593520078313
0.0030772544447891827
0.0030768823575614045
0.003076682012482624
0.003076550019859118
0.0030765973093895512
0.0030745924928076147
0.003072504872625808
0.003073263352930079
0.003073039832356748
0.003074999087843227
0.003075627554738318
0.003075111644897778
0.003075110436963745
0.0030755270838529014
0.0030764093488344626
0.00307819606524076
0.003076525554258777
0.003077067929338409
0.0030764680154953842
0.003075957536646501
0.003076741941310267
0.0030767969018187795
0.003077517985725618
0.003077670713332826
0.0030784656616036758
0.0030790263458695434
0.0030786707134753412
0.003077687910156445
0.0030777229307965845
0.0030783460442594334
0.0030778737573420516
0.0030798096913830482
0.003081128898512041
0.003081448323820061
0.003080065161432677
0.0030799797962308673
0.0030799640958262455
0.0030803463789246446
0.0030807826253970673
0.003080488024078453
0.0030801997135541455
0.0030821664174297708
0.0030821836774654336
0.003082239235332223
0.0030825041835312486
0.003082333168780003
0.0030787373139619816
0.003078759869995048
0.003076477990562549
0.0030765847383040523
0.003076607715327684
0.00307737498427975
0.003077486887108382
0.0030783335542180737
0.0030819910069234614
0.0030810412321114014
0.0030790055913175267
0.00307963083048254
0.0030796357933404843
0.0030797662145607926
0.0030775687469779163
0.0030787355911206355
0.0030804285810298823
0.003081173658617267
0.0030809529871933384
0.0030787311419382523
0.003076557167654697
0.0030770640523609316
0.0030760038734197444
0.0030767198652090102
0.003073725567632033
0.0030738403530960997
0.003073874531504196
0.003074461086036128
0.003073534494411089
0.0030776278283294128
0.003075390019338375
0.00307668111856314
0.003076476927837056
0.0030800882458116947
0.0030806384758832695
0.0030805103031011334
0.003078608733190633
0.003081459076850507
0.003085005418491245
0.003084454898979051
0.00308441584134259
0.0030850689984739136
0.0030864161119513837
0.0030868043190279736
0.0030870008805356504
0.003087316266020522
0.00308709669370045
0.003085440686770484
0.0030865218543078836
0.00308652774683359
0.003088689677528997
0.0030892676199677335
0.003090209481224575
0.0030909885654934366
0.0030916349827844946
0.00309200886730334
0.003092650620214781
0.0030926566658591565
0.0030902497957176994
0.0030889132335049246
0.0030892164560207894
0.0030868755732493818
0.003088660926574534
0.003090865757876495
0.003090831089612941
0.0030907186191966676
0.003092457188580973
0.0030912531216756777
0.003093812881862201
0.003092206323750779
0.003093729349828478
0.003091366827307593
0.0030916203098478702
0.0030912810811696283
0.0030922936651914764
0.003092395295586279
0.0030915843985439982
0.00308971795257942
0.003089541172887136
0.0030901918091276815
0.0030901912896235556
0.003087739787515652
0.003088770237848334
0.0030889080755652234
0.003090055657463561
0.0030902681677539424
0.0030881002266331956
0.003088280313567512
0.003090493613912055
0.0030906118340094197
0.003091654155315238
0.0030918592700557076
0.003093447449315603
0.0030936460320669804
0.003092657614259775
0.003092060818161002
0.003088827257523955
0.0030880851089118396
0.0030885986095023237
0.003089277985949477
0.0030883693023764404
0.0030864452262546528
0.003086517838354385
0.003085716251876354
0.0030856964576110335
0.0030854620269918807
0.0030852890886617686
0.0030853751332330977
0.0030838976091346953
0.0030819569260097414
0.0030807872264517165
0.0030813763037500063
0.0030814646298795607
0.0030814819485952775
0.003080137181872466
0.0030810128111807083
0.0030818999151793008
0.0030819132914120034
0.0030808935494130653
0.0030797551521041535
0.003081243441600506
0.0030813328455412095
0.0030818250702767626
0.003082924276927396
0.003082137710725241
0.003081637758070884
0.0030804331721331437
0.003079646097902297
0.003079246590955825
0.00308018076410709
0.0030788274295674672
0.0030761875421124
0.003073572826159061
0.003070485585264057
0.0030679009024304495
0.003065415738722854
0.0030658147384704116
0.0030641367760219805
0.003064231894090602
0.0030643286666396136
0.003064744605239529
0.003063493545696987
0.003062353835973131
0.0030636654717558763
0.0030637621376768684
0.003064056248379558
0.0030617495605509367
0.003059371883929294
0.00305947196604495
0.0030588066788312775
0.0030576850202553257
0.0030573778188755403
0.0030581066102239886
0.0030587470699887814
0.0030588132415992238
0.003056723853242949
0.003056070033869392
0.0030539667612581715
0.003054688210500527
0.003053553198124136
0.003054205948496815
0.003054297088243188
0.003054662146863481
0.0030541508671832916
0.0030535334811327415
0.0030525595660906442
0.0030522120304682103
0.00305019654911265
0.003049453620909562
0.003046417244392253
0.003044735747222169
0.00304364750718104
0.0030418207357575167
0.0030399652580770133
0.003039286100326581
0.003038967903691931
0.0030373250960578553
0.0030374200306136647
0.00303845168261524
0.003037521231827829
0.0030347236293879324
0.003032299309117764
0.003033001490438022
0.0030336480501488797
0.0030333474838625035
0.003032546102230769
0.003032194506493546
0.0030329138369902652
0.003033551459455776
0.0030336457142858013
0.003032065190055271
0.0030304351404802257
0.0030300492791440307
0.003030419719131533
0.0030307698306045725
0.0030294217420305026
0.00302852667797565
0.0030286929327776775
0.003028105459765258
0.0030284412998900314
0.0030281391974564327
0.0030275775973814213
0.003026211997630949
0.003025461953585872
0.0030258786482951837
0.003026424633477534
0.003024278343338641
0.0030243649634757314
0.0030236172522790823
0.0030233388148256574
0.0030236469316332524
0.0030223206016223407
0.0030209219162673985
0.003020291853213156
0.0030208412480861274
0.0030212389057673746
0.003020092052558005
0.0030195974139510433
0.003019672839238784
0.003020148635106793
0.0030198314828161566
0.003019310657054315
0.003018350326175148
0.0030167018085408407
0.0030165018286635705
0.0030165048374786903
0.003016903805987658
0.0030165958232669958
0.0030163929718471797
0.0030152721798330185
0.003014195148115999
0.00301474462320984
0.003014104437716247
0.0030139908481637873
0.0030143584642018414
0.0030144228450525133
0.003014722474991947
0.0030139956053987123
0.00301351176176662
0.0030135563971431557
0.003013776412508447
0.003013199154773355
0.003012694788394944
0.003012293437902157
0.0030118911727209183
0.0030124067757523127
0.0030122651993120227
0.003011441730380796
0.0030106077667142093
0.003010203042870417
0.0030096489481622746
0.003009504351902337
0.003009754731021862
0.00300976229674262
0.00300978307133591
0.003009813975848135
0.003009410860206696
0.003009303147216241
0.003009001731962024
0.003008693661170015
0.0030083783074222902
0.0030079746969129038
0.0030073656790452485
0.003006803457275795
0.0030065689998419946
0.0030064945220029207
0.0030064070006898757
0.003006625249968312
0.003006216526073703
0.003006470399203836
0.0030067419405306528
0.003006765588018482
0.003006658220902982
0.0030062516969892165
0.003006128969740016
0.003006323305215669
0.003006076638712034
0.0030056682301100686
0.0030053184398868412
0.003005188863183331
0.003004968984025822
0.003004631679922272
0.0030044167917739418
0.003004368540586722
0.0030041648446232985
0.003003859052096964
0.003003867047031353
0.0030040170136521075
0.0030040167167315157
0.0030024844639643476
