0.0
0.01906836064649956
0.03851003423096228
0.037859828886795274
0.02581267546102802
0.03527750147346029
0.027489590315971212
0.06295439283180587
0.023106900953456872
0.028524334559733633
0.0240621901572212
0.04228538280533598
0.05375710920000346
0.10881230914184631
0.06413825034161524
0.03239582500262437
0.024325788778530658
0.030671534029035902
0.0662844963610379
0.1429164911996926
0.05861472738323457
0.14308379550427303
0.10280371350908123
0.06498852430552841
0.018106796612664698
0.01779889183749841
0.014803094563272107
0.011773474691575804
0.01308226135234476
0.009345330356963867
0.008234120738640941
0.008561650290160773
0.007127351267040432
0.006136740560123098
0.007587565901932453
0.00577090901370386
0.01012698814066656
0.005902292007237056
0.0025133018040957027
0.007522544032762308
0.004176559014130462
0.004615189022794798
0.038925374199324486
0.001139878535824518
0.0032397567829973144
0.008410434362560044
0.0013935879005028517
0.0033887786251030616
0.008189986675765645
0.0054919108205545115
0.0020481080799478538
0.008098302843120487
0.04082257586520347
0.007111818489011585
0.009182141221918124
0.00487910761508326
0.0018665083146099932
0.0055008055896927175
0.005667811160544062
0.0052990987746563915
0.0015356954906983705
0.002177444356318951
0.02552131666650535
0.030794855994582062
0.007838902608886023
0.0016205230422710237
0.0009697216480126472
0.006442895871056605
0.005190429922748557
0.004461313239726079
0.0014570447793827916
0.01161158524951189
0.010253369831561478
0.01460709103926283
0.006386044454672085
0.00245376639297911
0.006020819012622426
0.005015425361800345
0.0035255659007295916
0.0022098757524778865
0.008507161371613017
0.0036335060728039065
0.01420092076848934
0.003784509695317501
0.0027857590413356784
0.0008593116809688206
0.020999036775786684
0.005515467954777478
0.002361513070158977
0.003658819170448651
0.006257662582733138
0.004686992183232404
0.006198889422310288
0.0018792523165910883
0.02281678186635562
0.0053821163404881665
0.03013194382040893
0.007919693532382775
0.00887052423459532
0.005910070261071399
0.009030016185531195
0.01136359524330085
0.01207542336757254
0.009549499425615475
0.0005835938610646339
0.0017604612743315844
0.02671429561049442
0.015847100183037966
0.016853866240003082
0.002588914791045513
0.019384481231944996
0.011054187917639331
0.008312296637370237
0.011622020864242218
0.003503554112900859
0.016831279532797935
0.004982743015540611
0.014121158324475762
0.0140894313506188
0.0009831620930193425
0.0015285670922977005
0.0013290946901355122
0.010452292358352652
0.022091080783198675
0.003796987001336978
0.004436124004668907
0.0007219958859838543
0.004648404323200734
0.0028847202100676485
0.005522777618000017
0.003823543453432572
0.004838359739288272
0.014125703728239854
0.0032333306805781615
0.0008491490392409764
0.005199278836661138
0.0017455149595577155
0.004417696337063187
0.002886377764970539
0.001819084850491218
0.0029244712404684113
0.0007393764026846989
0.0006569656679703082
0.008389025463606812
0.0010666424895833465
0.018793118402968996
0.007937902088165617
0.005309186930230086
0.000558735204017202
0.0011872347259337512
0.0005644687499358425
0.0004461477458541534
0.0053260483305394585
0.004397358180370167
0.005099853650662347
0.0011442086335148247
0.0012350416686117943
0.0005565700101319794
0.0089421344661322
0.0009242661760887837
0.011561877611046347
0.0044724923006400985
0.0024666525972716915
0.0008558209926688635
0.0038066311419734516
0.0032413367177706325
0.0012267604865755157
0.002320545978171958
0.0013508751660543314
0.0025827308936259975
0.0031249385011699257
0.0012350193176147055
0.0037943495129397977
0.003942660207613524
0.00029814333384176804
0.003840775445941411
0.002858167376427946
0.0035241553518766066
0.0014013259434076048
0.002697579210374923
0.0016981512318038937
0.0028818478799279984
0.0032328082374751504
0.0031617490071544256
0.003129481063604239
0.0015867942589891525
0.001973251657940795
0.0016136943935101927
0.001772121017524712
0.0022486562177209436
0.0020820146035622988
0.00024805765854675797
0.005267314446177934
0.0010290696186406117
0.0021873099460760844
0.0015401271386313383
0.0003275836520390105
0.0015109232152530673
0.0008516178727349885
0.0025456401217308273
0.0019669072473938285
0.001063311690934985
0.0010005120788412593
0.0004749338471384513
0.0009634978218968791
0.0014979975174026349
0.0019778821011449195
0.000717564402342036
0.0021518684728152665
0.0017542098874062263
0.0007163747322224071
0.0006935838832053057
0.0012905944633136255
0.0022311371243621306
0.0010480100446833346
0.0013328470688410159
0.0013505616365963216
0.0016223338270064545
0.0014821177758844088
0.002169742581562942
0.001910302212467133
0.0014356281600311379
0.00208261138842309
0.0017801225732662108
0.0014684533398208006
0.0011793572720242324
0.0013031345037729195
0.0014030411245341805
0.0010276631319581333
0.0013033509728770556
0.0023265368063073847
0.001048371754596506
0.00174673698613865
0.000966508894902643
0.0013982669115205756
0.0006403870628839113
0.0022212537423273613
0.0014173602069079856
0.0005182451176455411
0.0004946257140049084
0.0009763711742513915
0.0004517470994142443
0.0002662247741085401
0.0016780188939563958
0.00033865939051801213
0.000426115874694958
0.0009432992654399095
0.0005303850737420773
0.0003535419378375742
0.0005230019829538676
0.001143310121599407
0.0007542125346511258
0.0008096094873577745
0.0010988344913676574
0.0005500167684779701
0.000254239859172308
0.000310900906143459
0.00024060492225571055
0.00011832251211907173
0.0006559262186530708
0.0014792139628796253
0.0015196464848809999
0.000260284551787583
0.0011371941778600125
0.0004293761752022921
0.0005201560903246239
0.0010772461028118838
0.0007388245247569965
0.00024616635357991017
0.0012354690759326299
0.0008739065750902292
0.0010608436508033928
0.0002190301999563118
0.0009897500547124721
7.179813472694844e-05
0.0011874011641895817
0.000896493789782686
0.0010360704755357766
0.00012287459861807726
0.00041348049203997634
0.0012738402516550586
0.000257091668061594
8.497391723338102e-05
0.0009363130024992377
0.00020543271043512785
3.1552512671208856e-05
0.0009010048856199807
0.00011958318023794552
6.844822958245203e-05
0.0008896745975568316
0.0003487015050417066
0.0010192270710404708
0.0010945319363116885
0.00015919129944937975
0.0007785731250164743
0.0013647835944199831
0.00023405884418486978
0.00015009043195616156
7.529517453222666e-05
0.0007688022551867224
0.001787404545797024
0.001108626840440493
0.0016343638904811157
0.0007544593645004746
0.0005558631006708192
0.00022160813019336635
0.0009999387961915024
0.00037818686815996853
0.001150977410567459
0.00040095459952305373
0.00029973910037126716
0.0012544317253506587
0.0005813254745268687
0.0004961650397194593
0.0001904413510176033
9.933877543794003e-05
0.001750192461563824
0.0002920823633157832
0.0008312793352340236
9.761035650097819e-05
0.0016599286939528702
0.00013790322930683338
0.0009002412580096827
0.0002101540682906082
0.0013235435253564113
3.4815711547586e-05
0.0004936561309649373
0.00016646647031116045
0.0006368420911645233
0.0009060346933428571
0.0001424096673410271
0.00016142154690916783
0.0007310353740572352
0.0002940484487773563
0.0003441594194352396
0.0008087532415717056
0.0006388611584511055
0.0009760936078708574
0.00024342659667487366
0.0013721676303057285
0.00068643214184688
0.0009480151896446747
0.0003847716721338456
0.0002361536669741452
0.00013000909074732306
0.0007953116369851222
0.0007450091368551107
0.0003120278683589726
0.00029223762679336123
0.00012429622070148674
0.00023547592285629533
0.0007160122611876659
0.00018424347524534306
0.00015134591311797654
0.0008945031311272694
0.0007273803494722092
0.0007453267059677066
0.0002866989470246276
0.00034798323649124445
0.0008769953838623001
0.0004726865882848887
0.0010557424611051663
0.0006002368756822067
9.584283153773375e-05
0.0007593386339111131
0.00026501960887565076
0.0002560070810374148
0.0007718151697755971
0.0002149986488948833
0.000655545277450414
0.0006974831601254509
0.0007565174042812369
0.0004104271620246789
0.0003905434975889502
0.00029384915435039916
1.6535096528995826e-05
0.0006551649998143288
0.001557219210488816
0.0008409992127421211
0.00017823373992595704
0.0009019574419161113
0.00031017292835667295
0.0007408491618339493
0.00012282923155166724
0.0012061908635537758
0.0009582184030952426
0.0005162219368517215
0.0008968528043788707
0.00033791905186914543
0.0007970759918872603
0.0006737604343887118
0.0005727321191620436
0.0005466070723470771
0.0010542606726548873
0.0004750416522964155
0.0007195712835628287
0.0007210082750248223
0.0005325096607027117
0.00014299675170406566
0.0005529181460907117
0.0006006400105263865
0.0005263529276549186
0.000701629763599355
0.0006736592618461569
0.0006898318618104743
0.0006206752835484494
0.0008528281249677515
0.0005833505837546835
0.00041711512482225227
0.0004914311740235163
0.0005843308320592392
0.00043492755548763386
3.607036616544267e-05
0.000572195231359552
0.00040362739382901035
0.0005873864731140143
0.0005758910039556546
0.00044358305628766604
0.0006350308382138586
9.334926329008459e-05
0.0001603984557539963
0.0006610122758119705
0.00030281484772283495
0.0006774304970764488
0.0004485890258457596
0.0008634257366041675
0.0005545130852268683
0.0007190412247503795
0.0004711240537777578
0.0004620456274944758
0.0004959814967517188
0.00015908752884307895
0.00014964283025902878
0.00023227838629800795
0.00037022390997076696
0.00044532666249785796
0.0004145862296454727
0.0006779201882578573
0.0006077263098963299
0.0005112898331595806
0.0006430271305462424
0.0003607226599759542
0.00037476102523775827
0.0005539450908263869
0.0005228213800885756
0.0007774793825955921
0.0006288539344275601
0.0004612273137192671
0.000558002166795933
0.0005310684541320772
0.0005408645853303722
6.0421492262707644e-05
0.000577073175905991
0.0003215477771511169
0.00045147378376278127
0.0006355627643054874
0.0006506430499160481
0.0003716347805575445
0.00048353289605622586
0.000382170313453737
3.207608746858304e-05
0.00043626539783714216
0.00047047652526494845
0.0003032532913561439
0.0005640676951649642
0.00033939920574408317
0.0003546225354298251
0.0003806729418809907
0.0001737717441586502
9.920850932128528e-05
0.00011381236334906884
0.0001611806451739922
7.382690103931347e-05
0.0002704149604962102
0.0004237563938441247
0.000429906425498972
0.0004387510921784551
0.0002734183689563378
0.0003846924307981533
0.00044335255685536834
0.00043424729865971915
0.0005308312218051971
0.0003347338710913646
0.00031832796190978124
0.0005693648245600967
0.0006088535981617733
0.0004455813904697805
0.0005623888066451555
0.0003977317975082588
0.0003166080318749944
0.0005416125480850515
0.0004753861302609946
0.0002655987959609116
0.00045124133851411654
0.0005604217005480943
0.0005136792179294338
0.00044524997955744323
0.0003741763167689915
0.0002797989752373777
0.0004555610158688124
0.000331702719126056
0.0002583267443625797
0.00043067402232370536
0.00025636649053406964
0.00048211493923722815
0.0002303144353382535
0.0003013873782461541
0.00014436126801653005
0.0003127777798784364
0.00032684401811426553
0.0003363716813819149
0.00035789998122634536
0.0002654874907090277
0.00031525966410951003
0.00024214155912843664
0.00033939561534339255
0.0003601921526091419
0.0003045046244611996
0.00034330544015502703
0.00031282318471847527
0.00020801978707341953
0.00024045596687222097
0.000374290525908604
0.00035446793996846116
0.0003620778190079435
0.0004712319335682434
0.00042535014573877956
0.0002645327635796022
7.22574151201244e-05
0.0002874494547839593
0.00046169409698742505
0.00010808595541956819
0.00021150321547325085
0.00019493250987706595
0.00044934304822352364
0.000442852610282231
0.0002397589880128585
0.0003023177409912966
0.0002258145469368504
0.00036361326589686447
0.00022412671431918586
0.00026657838382016305
0.0003703620129806408
0.000164613834372288
0.00020639104479927816
0.00023220896720409117
0.00040046818310236505
0.0004203820715458536
0.0002502595240434401
0.00011106347145100634
0.000254042342727832
0.0002524032708052758
0.0002912427206517128
0.00028876624244754623
0.0002686393714681645
0.0002554901977692307
0.00021268330681817563
0.0002922994989724359
0.0003704588428595845
0.0003023336711122686
0.0002606521823714701
0.0002488694615982148
0.0002257996546852321
0.00025357049411083374
0.00017471744131223728
0.00019323743426741336
0.00032578001731345017
0.00031750690558327916
0.00025737838676313666
0.00015047777611191921
0.00017280683588691463
0.00028548853872434
0.00022047937374013697
0.0002727237605871262
0.00017291894834517083
7.384078664432662e-05
0.00031263206640665326
0.0003075023185584189
0.0002606969211546277
0.0001670782579023671
0.00027544361779641916
0.0001744569020599076
0.00018594320909913484
0.0005525821237739845
0.0002858583235852678
0.0003028958715556204
4.934626049883371e-05
0.00015121839803374128
0.0002250313710687391
0.00024014995731579366
0.00035983647808042886
0.0003827505550544227
3.8530753979065873e-05
0.00022951813289565442
0.00016671608305686032
0.00034926868729318815
0.00037116781286377466
0.0003702772573221807
0.0002198091544699207
0.00018955052149324052
0.00022120245119996537
0.00018892534768486579
0.00020341186706081764
0.0003055125638750532
0.00016787776130840052
0.00013835951808813246
0.00023899763661219
4.326862196281263e-05
0.0002201757917086251
0.0003768879053007846
0.0002716565940920349
2.874628085870062e-05
0.00011580663273060617
0.00019445226996465882
0.0002110863869102422
0.0003315210338430118
0.00019806078819325116
0.00015012216767722872
8.293534580133385e-05
0.0002181379240988025
0.00014388322755632887
0.00010556736808318892
0.00033870612392316885
0.0002532627853786277
4.9966185737477796e-05
0.0003042812718283607
4.9532354471182014e-05
0.00014861678590866208
7.920286291383631e-05
0.00020176026023833568
0.00011316233490275058
0.0002996494714432165
0.00023905699377387108
8.002294330250374e-05
2.4529762841449448e-05
0.00026222612326770524
0.00019654436169494282
0.0001678260542574696
0.0002236905696338736
0.00018130403083268636
0.0003006153455895766
0.00015254990542717934
0.00019384499572542945
0.00017444041666305008
0.0001775419932991982
8.241382942587856e-05
3.880234644317605e-05
0.00023695178655570382
0.000254022999491769
0.0002217938679442532
0.00019378416722224377
0.0002385596786696806
6.327867864681238e-05
0.00019283708382278594
2.351604510967411e-06
0.00017051089413127016
0.00012628028223445688
0.00021414881353222623
0.00020840580473388087
0.00016078793625619013
0.00018586235072006805
5.766348635122994e-05
0.00012902289430767299
1.4771640906637606e-05
0.0001251947812645156
3.335331632904478e-05
0.00014960118796460714
0.00013576256054618476
0.0001771666212780942
0.00021041732052643012
1.9609322890942006e-05
0.0001004814205381512
0.00026069648047867804
0.0001930906961992265
0.00012052143447622845
0.00029754009109605767
0.0001801979824007075
0.0001301838814869491
0.00012574858504003762
0.0002685528688381329
5.057852541034748e-05
0.00015320348381242603
0.00013360090708857563
0.00018506690624579735
0.00022215987645810123
0.00015256322692091872
0.000212769971000096
0.0001730246956416279
0.00017189652377578798
2.9720282966430262e-05
0.00012243958364881573
5.7526725731973084e-05
9.619664616675493e-06
6.187579532748555e-05
0.00013210290623680962
0.00011249442107454701
0.00026677417383112956
0.0001594761135423905
0.00025053535415315843
0.00013800045312670325
3.460845797520525e-06
0.00019802424411114461
0.0002530667246180183
0.00013792448421776405
0.00019232236933855652
0.00012592671597033846
0.00017688328189078385
0.00018604523247332116
0.00022083491314310892
0.00020830672906384107
0.00012551809615058175
0.00011182174036356447
0.00012233984521221086
0.00016649943486288221
0.0001762183065103449
7.224358321555573e-05
0.00011771445908990524
0.00025724824177193414
0.00020616614484119105
0.00018612586878159732
0.00011441131239721225
0.00023154165423401978
0.00011210675644638466
0.00013660159104195388
0.00018247861869393706
0.0001837778362483217
0.000236199424987952
0.00010266149648858147
0.00015310408278318725
8.577656554318074e-05
0.00016711918964551646
0.00016708710565062056
0.00010151182254011481
0.00018730611068110817
0.00016110207605247724
0.00016849843196727968
0.00014141927976089449
6.981789774858459e-05
0.0002057386502495344
7.954098706987173e-05
0.00011905450392392414
9.75470707033239e-05
9.654662947026468e-05
4.480532389816792e-05
0.00010484300341107783
6.066526506123455e-06
0.0001947291303241552
0.00015568934097360255
0.0001515684005998268
0.0001966095215368118
0.00021193311738686106
0.00014582006154882957
1.6080618392597805e-05
9.940544997337952e-05
0.00010358731144075298
0.0001613734963266505
0.00018910839229117012
0.00014230420518625053
0.00019078692928371516
0.00017323406403469432
0.00013540946919482632
8.289976837059657e-05
0.00013593324125345276
6.73974502451278e-05
0.00015214234296389382
9.613673865859115e-05
0.0001283695646452018
8.264274727973531e-05
5.949338864996748e-06
0.00016549374545332706
8.970475339894533e-05
8.724569694813466e-05
0.00015207393002112648
0.00011828199771687396
0.00014693021286011672
0.0001297331141335402
0.00018280771632069642
0.00012504040960697338
0.00018293246814163263
0.00012314967589096697
8.916420469633667e-05
3.365178833968456e-05
0.00014247479281050411
0.00011562518368041542
0.00014272460019456923
0.0001021254480667287
8.774856980381583e-05
0.000106246362837101
0.00010336701295860691
0.000138387175442178
0.0001408016723673231
8.51869324481367e-05
1.0200541478486138e-05
6.792916429123926e-05
9.300943306518147e-05
0.00011432558782609345
0.00012523744335496488
0.00011002726637558276
0.00012189137564655083
8.844699486410429e-05
7.858957677278356e-05
1.690285077921836e-05
0.0001264657416666594
7.198094449679539e-05
0.0001235037320512785
8.771368022803734e-06
0.00011606847279404404
0.00012280618667977314
0.00015074125612376827
0.00010301690910874287
7.164703233622326e-05
0.00017473586928819695
0.00011758342484614424
7.866740125652591e-05
0.0001087296885924114
7.405974249466547e-05
7.33875556432078e-05
0.00015832850184374484
0.00011826631412392134
9.579238269759254e-05
9.514391064592966e-05
0.00012525845470012065
9.324592113689321e-05
9.144994085028474e-05
7.802776931917891e-05
9.268400680235646e-05
9.075297022665042e-05
8.499416013766216e-05
7.408561932638791e-05
0.0001041803410414053
0.00011175298213074785
7.862304538854295e-05
8.412733689943132e-05
3.306369113566749e-05
8.558750645696361e-05
8.859454730943176e-05
8.16635619867379e-05
6.126010311538454e-05
9.440737197597424e-05
6.299523098872527e-05
0.00010441239538130318
0.00012152051682813543
9.360272111058344e-05
7.830028888546933e-05
9.202480303725225e-05
8.12510285723742e-05
0.000128326024103396
8.936775172955137e-05
5.8384973267467455e-05
7.91912876486091e-05
3.9586611956308906e-05
5.065178026146734e-05
6.822460113948337e-05
8.831909683157467e-05
5.9260535138824704e-05
0.00010742113315798477
7.994707984800955e-05
0.00011352567877349568
8.122024276583993e-05
9.723985764652546e-05
7.188180620182398e-05
7.056778238043688e-05
8.011404130941231e-05
6.059960838779576e-05
8.675188392372611e-05
7.19520600627546e-05
6.101183853952654e-05
9.238941568473202e-05
0.00010367949069195378
8.657424069250896e-05
0.00011707970183278443
9.055960970592653e-05
3.844230888026316e-05
5.590803222437011e-05
5.115322784420421e-05
0.0001083841836494853
0.00010664245589640757
6.438505413164555e-05
6.284397258288349e-05
6.264355465756891e-05
5.6146617321658995e-05
6.437649654951184e-05
5.4931051955457846e-05
7.353289258759055e-05
8.45769852809883e-05
6.109570540838331e-05
7.105850905269886e-05
4.694177310987961e-05
4.765320975176974e-05
6.567995199226173e-05
8.308609084569022e-05
7.184972701219048e-05
6.351586198621078e-05
7.147400907650393e-05
7.281751123812469e-05
5.622432771910281e-05
6.427763327928271e-05
5.0462341761784446e-05
4.7565256812540935e-05
5.387430555213288e-05
5.35992420413346e-05
4.507581152906835e-05
8.76386776318354e-05
4.824170722394873e-05
7.096028370105162e-05
5.8984228391970575e-05
4.710800337636085e-05
6.270140732159889e-05
3.892907392931089e-05
4.14313798635583e-05
5.414282962530594e-05
6.413332598402277e-05
3.2564153013089024e-05
3.2683812639976212e-06
5.0022806740884426e-05
4.8292739061587074e-05
4.155319119007015e-05
4.385518299565725e-05
4.4724687568567756e-05
7.736616696121789e-05
4.608162035285872e-05
4.448300803478452e-05
4.7674509076921634e-05
3.749811795868577e-05
3.45950726608905e-05
3.800551097184081e-05
3.5717775917753785e-05
2.9796739673946724e-05
3.5033257479540986e-05
5.0130326273719627e-05
4.734747271459015e-05
4.581917602604115e-05
3.3256199897411566e-05
3.390323446851446e-05
3.49611033119073e-05
3.4547957931762863e-05
3.5626456726940475e-05
3.353761562590243e-05
3.132359753439432e-05
3.54143981900099e-05
2.7507243573366215e-05
3.7555594210459044e-05
9.807441404565246e-06
2.6297550556011482e-05
3.258405913166951e-05
3.480528502269125e-05
2.600361440795721e-05
3.1654834531502726e-05
3.2883809125963235e-05
3.5169400041059904e-05
2.6922055145739897e-05
2.568168220716916e-05
2.435286413469404e-05
2.4909351964683396e-05
2.3934757129365965e-05
2.5222714795331035e-05
2.4723394870598554e-05
2.545850464909701e-05
2.5889795965024102e-05
1.7822080060727518e-05
2.456219807284068e-05
2.3554667630926345e-05
2.7564059297118525e-05
2.0487563572126594e-05
2.2212113974054353e-05
1.9188227985676795e-05
1.7906432075365837e-05
1.7008245681043774e-05
2.2737729500640186e-05
2.1992029176155628e-05
2.184189872127502e-05
1.625236708029647e-05
1.5555333350299437e-05
1.9910988394413648e-05
1.8046463056457066e-05
1.6941316967223026e-05
4.672703287833809e-07
5.699218489108038e-05
