0.04740080558378237
0.04148601665046311
0.03668053430226653
0.032940050281553994
0.03064951398157075
0.029420029242991978
0.02905931430687941
0.02888728531912237
0.02853932552307427
0.028232501017445896
0.027085092882950194
0.026664296500041956
0.026614459484879744
0.025997653910117803
0.025260891794406177
0.023906885521852234
0.023018295925956916
0.02240571450404304
0.021751108069161806
0.02170650738332599
0.02136874483015705
0.020984000701158977
0.020917084977995215
0.02081921876034555
0.020239455026421452
0.020034553131524337
0.019820971855575083
0.019786945076601083
0.0198536304996085
0.0198636870898853
0.019682085061737863
0.019224724848747023
0.01879433916089217
0.018826919285058207
0.01879089135903343
0.018721087810687397
0.018716637890024066
0.0186909115228297
0.018047614778506787
0.017914275594926896
0.01742337646509944
0.017182166426882025
0.01713011568812965
0.016987734447620376
0.016839477106029878
0.016743731284313154
0.01672230538213187
0.01641181906153674
0.01632599234725241
0.016096258855719553
0.01585701773220268
0.015670079128119022
0.015576099078072116
0.015423780991262757
0.01542791964644086
0.015351483593474546
0.015358341524468265
0.015193051117669552
0.015155399928458374
0.015066015024394053
0.014983948336429777
0.014979014322195078
0.014981875969530522
0.014938403725149445
0.01492283859141216
0.014868248043730738
0.014871547663479721
0.014840910514936155
0.01467227710550238
0.014578644706916055
0.014434856776777267
0.014405227036911375
0.014371807702773921
0.014297870922223234
0.014202411704928518
0.01419828114772725
0.014095278609208263
0.013991320024945946
0.01392342295495064
0.013928088213324374
0.013883169473994305
0.013884166994572714
0.013878896152823944
0.013820609838239507
0.0137850224235047
0.013723396545893777
0.013642711686423541
0.013635434032831156
0.013592143301561744
0.013537422374145068
0.013502656739061293
0.013473278297507971
0.013417587669600207
0.013425043354155477
0.013414265075871032
0.013416967716727426
0.013403398672960993
0.013383973120865918
0.01338068876127422
0.013352021685155332
0.0133004228184563
0.013260694385068201
0.013270897302166119
0.013233560126975333
0.01321837255103858
0.013220291140604747
0.013226192065342706
0.013186406016126133
0.013170412294821136
0.013133325573943571
0.013099211682470146
0.013089610522710928
0.013047410829237441
0.013045022931898177
0.013019609992153859
0.013020695196382437
0.01302962680472964
0.012988088421934168
0.01295461896446885
0.012942662713805793
0.01292491782555445
0.012903661195260109
0.012907379671462918
0.0128801751995028
0.01288984891051302
0.012865531293784772
0.012855022440913877
0.012850479482679502
0.012854484429752365
0.012831435894315225
0.012812035128797028
0.012793179558156918
0.012801632897368699
0.012803425935388215
0.012784855097101696
0.012784051827896282
0.012762327637954705
0.012742857258308227
0.012724491789440429
0.01271548789987381
0.012696044365327295
0.012669815720230274
0.012670474945318734
0.012646299359267555
0.012642141341295893
0.01262014604193423
0.012605946557113754
0.012610395270652403
0.012610118582541232
0.012597525556578648
0.0126018591181814
0.012591425652427036
0.012592618605951759
0.012568518050064195
0.012544559469840963
0.012538703194297845
0.012523154378573629
0.012515337045357105
0.012498806063100198
0.012484640824884858
0.012478324152090926
0.012485120553636016
0.012492039171831825
0.012499177843315858
0.012501271947120154
0.012483102525227482
0.012485504004625956
0.01247986642183216
0.012465893110406606
0.012466088483120743
0.012472779348354963
0.01246382268458918
0.012464420368423958
0.012465791349308752
0.012458600397229963
0.012459731856659852
0.012469051179306924
0.012457156324392107
0.012442094091507545
0.012448464736085619
0.012440583308846159
0.012429164109932467
0.012436000633974705
0.012418071418422865
0.012406645160568526
0.012402326453211128
0.012391273307984906
0.012394824957121419
0.012387158498836537
0.012367009598527446
0.01236644093163717
0.012376766951292268
0.012365721049623536
0.012353859072022131
0.012348298828080681
0.01233618468538183
0.01233104391692444
0.012326804154117486
0.012320985213040012
0.012327299872040379
0.012330881196873282
0.012315675465526213
0.012313841794019212
0.012300628897984153
0.012292905804561676
0.012283426275519744
0.012289889862523015
0.01228999052919291
0.012300888645501709
0.01229913676903793
0.0122985597774808
0.012286179233168049
0.012287354677790524
0.012288889602712022
0.012280188630803896
0.012280137032695482
0.012284602558798811
0.012278335249991019
0.012275829004863612
0.01227728108927629
0.012269180640720918
0.012275969505071566
0.0122815192124886
0.012287272831508305
0.01228871821355768
0.012280824749773104
0.012278498243398585
0.012269616356230726
0.01227885437287561
0.012277767666837244
0.01228293802900659
0.012286234713553204
0.012279932427845626
0.012273873974371035
0.012268019477568821
0.012265283070893515
0.012250787523697976
0.012251209084827845
0.012258273163170557
0.01225213936274623
0.012249746482566881
0.012251783049763399
0.012240514854706763
0.012239615746885974
0.01223295763400314
0.01222567496642222
0.012227572679050676
0.012219139419209244
0.012220163948401249
0.012216623346204887
0.01220764606429508
0.012206414962221477
0.012197015074123106
0.012190173932052876
0.012180929531691743
0.012181677622150748
0.012176089242475692
0.012183970742488287
0.012183925004180049
0.012186052065496802
0.012194377609131737
0.012186931314699693
0.012186773295388337
0.012191749557524261
0.012192103900015414
0.012185846473338766
0.012190682591874351
0.012185380550941207
0.012184406654364655
0.012187783330336982
0.012183293779892078
0.012179325771305307
0.012186600051052189
0.012186524332607002
0.012189779685343932
0.012192754248379279
0.012189174277677593
0.012190894087684038
0.012194170005544163
0.01219529225330119
0.012192840660802631
0.012183159828314253
0.012184777699404622
0.012189561703947822
0.012185115527554913
0.012180917595131522
0.012171050728529989
0.012172222276258315
0.012167070142003078
0.012162845329332936
0.012153156476631176
0.01215101880597255
0.012146295897393451
0.012147109348704208
0.012148744752011711
0.012147285545627075
0.012153182335543487
0.012153881223728949
0.012151259235146022
0.012157825515457089
0.012157993262528153
0.012158536760026005
0.012160366018721879
0.012155841915009298
0.012147472359794017
0.012145308646116217
0.012149974782577809
0.01214343230221189
0.012142689554166041
0.012148821299308657
0.012149311224391892
0.0121452832509629
0.012140623162172674
0.01214257878517629
0.012148533957384015
0.012141731094221349
0.012142287186279079
0.012139083688531121
0.012143293414568209
0.012145812516421144
0.01214720242546416
0.012143529509300293
0.012138249924700193
0.01213796832529599
0.012133230037516889
0.012130395865409267
0.012135242231532879
0.01213377197872785
0.012134211022526733
0.012131448543882548
0.012134583836631133
0.012135124191324625
0.01214084727206443
0.012142987741035973
0.012141517365035654
0.012147225976977313
0.01215228197979106
0.01214821742935643
0.012148767276746318
0.01214665833972478
0.0121492079384631
0.012145773047889424
0.012147630167821376
0.012153684060016524
0.012155182296092143
0.012160204685501701
0.01216140535884747
0.012152799730832647
0.012151573485364766
0.012148084099677903
0.012147980238396682
0.01215216210254936
0.012142396970780013
0.012142143596424225
0.01214415656687192
0.012139929126034744
0.01213975260142823
0.012137585870838803
0.012134141264674396
0.01214009230102038
0.012132165706876953
0.012133563826967807
0.012130236580004158
0.012126586748746554
0.012124124543298366
0.012122234960507999
0.012123504615585068
0.012121787181885267
0.012122431901257868
0.012117176146338697
0.01211805558666219
0.012113496680950915
0.012118334952604917
0.012113703463809916
0.01211165560267643
0.012108175603861406
0.012105404142161793
0.012104137764262926
0.012101988914538618
0.01210508967083828
0.0120984373328251
0.01209646058559968
0.012094394722868395
0.012094076854034562
0.012099547176794487
0.012100902751278097
0.012105353903103673
0.01210150412675835
0.012103655067572772
0.012103357612845282
0.0121049817894015
0.01210530687178878
0.012104955270854712
0.012099815214115925
0.012098797885088915
0.01209582453698802
0.012091864523222098
0.012088014807696756
0.012091917238601644
0.01208433867631556
0.012076579573031794
0.012073687506663452
0.012085617502227738
0.012093204379480426
0.012094275216992533
0.012091728355064155
0.01209592733344783
0.012097433093277349
0.012090478529037564
0.012080408258516546
0.012081621201691898
0.012079934050222473
0.012078239309863903
0.012079728752044137
0.012078587091246954
0.012083388764407735
0.012081681017019705
0.01208021114048501
0.012096540264451762
0.012096601414367643
0.012089172602725243
0.012101394248907034
0.01210176945853457
0.012095880894384048
0.012096536046912605
0.012100103263288272
0.012099134274815905
0.012094484436090945
0.012112996902006755
0.012108149032824846
0.01211524072786613
0.012112921115589655
0.012112868001117907
0.012113055522492061
0.012125730267551826
0.01213770005068018
0.012139634208348904
0.012158649560039259
0.012162511344032371
0.012169006076042706
0.012164084040977935
0.012176328638897905
0.012170526565588435
0.012164807360643569
0.012171434575981036
0.01216988490674275
0.012173523574533279
0.012191671051566462
0.012190257775831654
0.012191470247886244
0.012202000157660922
0.01220534347071599
0.012203972404308408
0.012206923343891679
0.01220761701402041
0.012211714879640786
0.012213129084966148
0.01221451620626786
0.012210193021673114
0.01220921822202966
0.012216237013067397
0.01222233015399186
0.012218126901432251
0.012213530928315253
0.012215384234217763
0.012225989334590952
0.012228067682945161
0.012229360673816948
0.012228125511850456
0.012228801697044277
0.012227494227485362
0.012222616216155823
0.012229753413462448
0.012229402372515416
0.012230112883362133
0.012231731650937033
0.01223237884566703
0.01223164045374221
0.012247611721648963
0.012248490191793847
0.012248062220403706
0.012249194747415528
0.012248370708383128
0.012247854815690969
0.012251448781345084
0.012247543572895725
0.012262810064020161
0.012255274203302175
0.012270395478059044
0.012274791027527624
0.012292101586257464
0.012298346474683492
0.01229462841645323
0.012295227968198489
0.012291638768061351
0.012296248796402159
0.012302318302265932
0.01230250743482464
0.012306161186574738
0.012307661340118873
0.012306752681277159
0.012302544807949725
0.01229479637965945
0.012302370470244043
0.012294346067098155
0.012295903848038294
0.012298443047243998
0.012300693247815266
0.012317494801196417
0.012320481456591212
0.012321969028865695
0.012316398408665911
0.012319605234859374
0.012312489466208219
0.01232161347044103
0.012330228587415889
0.012330985296907038
0.012331350209570132
0.012323164618593178
0.012334079837030621
0.01233315376813032
0.012348674169865625
0.012342401296833892
0.012346173003688815
0.01234730341047385
0.01234804967903276
0.012361707017292172
0.012370892083118257
0.012373517662586639
0.012372936472199973
0.012365993464454727
0.012366144142794166
0.012360578070845991
0.012357157406491334
0.012358297514736605
0.012355362241771762
0.01235195639377565
0.012362813832858532
0.012361561918959617
0.01237473636529422
0.012372516794606676
0.012373699750560865
0.012373829031789458
0.012375480496402592
0.012380269503377386
0.012391045740688894
0.012392526451916927
0.012394069479315166
0.012397526759911293
0.012399847981793305
0.012398960608139954
0.012392897819817842
0.012401996191571786
0.012405485845625274
0.012411988305237202
0.01241970627725085
0.012422840519799026
0.012417547507259437
0.012420279444233732
0.012421835141506975
0.012423022432174538
0.012418459316467513
0.012421388714648167
0.012404977331528476
0.01239628104110672
0.012393445692563407
0.012388542663088246
0.01239716509840835
0.012398303572126934
0.012406393973464368
0.01240639198389797
0.012407911531517095
0.012405009939883619
0.012406555702276646
0.012398141399444559
0.012381662933410736
0.012390329102760559
0.012394510248539015
0.012393993514761037
0.012402312270695678
0.012386140168679208
0.012383828964724187
0.012391099327188883
0.012397602706310355
0.012393176930916785
0.012394065781911871
0.012394714895123261
0.01240445110923825
0.01241384135771259
0.012405976797693218
0.012407668798860383
0.012413733253340657
0.01240515547865584
0.012406334094604298
0.012391240939223003
0.012392250181518303
0.012393912070255586
0.012392526225252096
0.012396105245526808
0.012385982719497911
0.012391371973750561
0.012387934121729524
0.01237443265222156
0.012367356487297206
0.012366624091233016
0.012369248824774635
0.012364337259740378
0.012347914997891365
0.012338952437212353
0.0123424422601909
0.012347492943777948
0.012345477589440747
0.0123470729036113
0.012346984610247677
0.012351578998987341
0.012356724920670937
0.012357613055081592
0.012359317773169941
0.012351381945363102
0.01236054778918382
0.012368617333246734
0.012360444528242046
0.012361021597664392
0.012362459357166783
0.012364581750494208
0.012370190552668024
0.012368232264861558
0.012369370489541105
0.01236980213997142
0.012375718745077688
0.012372068975756987
0.012369567710736447
0.012371676876091975
0.012360101000622396
0.012362487664812651
0.012363024258498782
0.012353789380380915
0.012346736628323885
0.01234437049192758
0.012344634092987805
0.012338490853895287
0.012347138999247293
0.012348284376682351
0.012352514255327728
0.012353697966222233
0.012349505867928533
0.012350266092397508
0.012351892984385639
0.012350937687070395
0.01235659806563635
0.012355888499328815
0.012356209004389848
0.012350791603688797
0.012341650521009715
0.012341932031771098
0.012337660094396453
0.012338253754520755
0.012340495865580049
0.012333846408707303
0.012324202058135955
0.012328196399864504
0.012328114322209852
0.012323178519251077
0.012321694896962231
0.012324717894867915
0.012329837820266335
0.012325750633277508
0.012330191481585717
0.012335265734242463
0.012339007820767625
0.01234038729704377
0.012344126104537567
0.0123495000840918
0.012349852964599242
0.012341231304737667
0.012341901349088597
0.012343862722690342
0.012348414628446176
0.012344677944054314
0.012341767935709234
0.012337357044311194
0.012335777771679927
0.012334127388449915
0.012328022817951506
0.012331790033652753
0.012323832614297571
0.012329639872598315
0.012322513336031522
0.012319217502676639
0.012320715812677366
0.012327303990847513
0.012327976556208911
0.012318291464866918
0.012312915872304318
0.01230334146296112
0.012292101980788351
0.012282605872648423
0.012276441357780627
0.012267364133973516
0.012268743472536505
0.012262546506396264
0.012262896709712465
0.01226358036518175
0.012267186935869635
0.01227083247410239
0.012258230563887862
0.01225856464616631
0.012260145230747657
0.012255544496149488
0.012257371868481786
0.012257343056004361
0.012261216178934279
0.012257030323438344
0.012255392490743106
0.012255036633977704
0.012259900599950642
0.012260252137743568
0.012251882650085524
0.01224313108114431
0.012239387687634964
0.012233823370278275
0.012236294378366569
0.012232162504052384
0.01223098302759572
0.012231334026024658
0.012222871825705086
0.012223474701947214
0.01221122419732336
0.012198215416323356
0.012198449731322178
0.012190973145008147
0.012188549821936187
0.012180787680895503
0.012183707574727766
0.012179349517292529
0.012181638758469962
0.012182904223436585
0.01218211084211796
0.01218519521340991
0.01218550960162284
0.012186165530316878
0.012186515721235783
0.01218693706697735
0.012187362133446343
0.012184260538114182
0.012182052638598102
0.012184085521678217
0.012180486731833098
0.012183657102121282
0.012184302426133099
0.01218292626684108
0.012175531253365561
0.012170402916681132
0.012173774217076572
0.012171026665029916
0.012176153233690219
0.01216992985864582
0.01215727190614318
0.01215052851690848
0.01214386505917122
0.012142659675688311
0.012141936618623722
0.012139425169973789
0.012142546540950056
0.012142892259250637
0.012146765697015725
0.012142324215731568
0.012138900406733821
0.012139342662406332
0.01212881967560242
0.012126227625859543
0.012119316540485946
0.01212220314933673
0.012112963236358722
0.012100957694943045
0.012101190849438451
0.012104095941180528
0.012102975189755286
0.012099916246240482
0.012103133479734653
0.012105630701232271
0.012106221802724493
0.012108879872899528
0.012111705834716768
0.012114307419147945
0.012114625610521446
0.012114965386095062
0.012115411416794895
0.01210957261413805
0.01210366715160408
0.01210606418031489
0.01210468691565396
0.012106076035954268
0.012107297592696853
0.01210893275879123
0.012109516520315465
0.012109731120835547
0.012110852812384379
0.012113602154845178
0.012108619948248684
0.01210506782244788
0.012101994469795884
0.01210254788882932
0.012100564024710454
0.012104543408434644
0.012102370868592133
0.01210333245113412
0.012099081764507295
0.012097911748134843
0.012095833882625964
0.012090266719849524
0.012087505936515959
0.012089782676358296
0.012090311389851933
0.012090740408192214
0.012082661793271438
0.012086403202448118
0.012086702981392696
0.012083798816536345
0.012083443780832814
0.012084572868243352
0.012086888020496522
0.012085876312331172
0.012080977373223216
0.012081273690287593
0.012076185292531998
0.012073806897194212
0.012076230126701584
0.01207843840809577
0.012080574171789224
0.012082084470478177
0.012082457498027808
0.01208321444525136
0.01207868091868847
0.012076109651248343
0.01207684625214317
0.01207546742658599
0.012072678604569745
0.012074415182382326
0.012072586088401989
0.012073737720140844
0.012074147161492828
0.012074028563249262
0.012074297026447535
0.012076219130373381
0.012074215324776283
0.012070495685404572
0.012064323606049976
0.012065624372364393
0.012064521954217
0.01206499178174918
0.01206604470453164
0.01206691275447967
0.012067170614245833
0.012066430685550005
0.012062362630539085
0.012058386430811434
0.012056003847776942
0.012055549217312509
0.01205428118261613
0.012055582293598651
0.012053537212763426
0.012055650738387947
0.0120572581515181
0.012057650023098311
0.012058013459148472
0.0120552358422586
0.012053424955577959
0.012051301703903294
0.012049441353132427
0.01205220741323746
0.01205389758842079
0.012052414767979063
0.012053164006546543
0.012051149023102557
0.012051378304812196
0.012052798528348603
0.012051270025003466
0.012050791299829873
0.012051097558778756
0.012051664614502683
0.01205200634040839
0.01204900173935892
0.012045923172984797
0.012047120448359181
0.012049015439869594
0.01204751591058699
0.012048322848384396
0.012048245778417864
0.01204826750213062
0.01204994731142221
0.012050450843495914
0.01204925374484965
0.012049586364239723
0.012050124434676056
0.012050301652264927
0.012048209663143506
0.012048386778742452
0.01204892551555374
0.012048397785189291
0.012048448111201841
0.012047248766956875
0.012047533456271077
0.012046039001342806
0.01204562330158787
0.012044848495991318
0.0120461204603519
0.012047202467294505
0.012046068863719419
0.012044931810989108
0.012043768007989048
0.012042283391706156
0.01204324095002191
0.012040994290620614
0.012038922371394714
0.012038055222788861
0.01203814750975029
0.012038410899553762
0.012038642388526253
0.012038376332067797
0.012036846777361838
0.012037782100889672
0.012037478067353282
0.012037534321271115
0.012037676535856997
0.012037937562899292
0.01203828635864916
0.012038712441416766
0.012039072723612132
0.01203920767442471
0.012039553171373167
0.012040543224130378
0.012039050004587467
0.01203861104005418
0.012039354740852286
0.01203894917981778
0.012039722870434469
0.012038804977063468
0.012037299114512321
0.01203601113790141
0.012035534233191671
0.012035619825845017
0.012035805414192509
0.012034995076926886
0.012033758869034574
0.012032965519037877
0.012033151891080332
0.012033213259902444
0.01203333872806311
0.012033168945811992
0.012032417558796455
0.012031281738035221
0.012031471427584019
0.012031697918676958
0.01203190758461284
0.012031808629251878
0.012032103946782172
0.012032132320024994
0.012032692399678982
0.012033247649339659
0.012033882104614542
0.012033726979072151
0.012033028495658968
0.012032126947506628
0.012031191265187095
0.012030947320452085
0.012030072357058266
0.012029569610825902
0.01202963274657801
0.012029735109197966
0.012029182791969635
0.01202930883133144
0.012029381484760035
0.012029472238589961
0.01202940305448785
0.01202952316113571
0.01202961330837726
0.012029659050240735
0.012029656134600202
0.012029222787110057
0.01202958640467939
0.012029748547910902
0.012030127696102092
0.012029650451007822
0.012029336206300333
0.012029228896206856
0.012028862925660123
0.012028552289234025
0.012028604022599048
0.012028645335191344
0.012028147546404718
0.012028220238361934
0.012028251335175011
0.012028286017926205
0.012028325113938134
0.012028316814533197
0.012028130163585853
0.01202817921151368
0.01202843467335086
0.012028583017001342
0.01202841980375034
0.012028200520521715
0.012028093400680335
0.012028059086001864
0.012028078313896448
0.012028095629808309
0.012028125254260207
0.012027926064424882
0.012027939952480405
0.012027946150523456
0.012027866673641825
0.012027980216242908
0.012028025488164108
0.012028005061806618
0.012027930038787627
0.012027924365091983
0.012027863780251261
0.012027870493332564
0.012027875179485389
0.012027880082463367
0.012027913433795789
0.012027913643491022
0.012027894483284786
