0.0
0.017960802440927816
0.017841001054189898
0.01452759084424696
0.013281660689808083
0.011645791576657119
0.008717597801499704
0.009138515793291052
0.00431161626410052
0.007619746421201811
0.008509605265207686
0.008121814724382996
0.0020102159378055
0.005580174533099167
0.008217764457867094
0.0071311210323648615
0.007173126313953396
0.0048805593076399435
0.005542801654659786
0.0024778225956609687
0.006422147856677837
0.0053775349195889985
0.0036892683013072906
0.0017708976209172532
0.006297665674994349
0.005450922235719656
0.004094875979435549
0.0017499959444257334
0.0013302156765096736
0.001526175232555911
0.0027771002034631728
0.004659933046498254
0.0031915264030594266
0.0004602331171806592
0.003257946180172971
0.0029025019846204867
0.0012203636844176477
0.003225141126194228
0.003848120576428454
0.003427296112378861
0.00399719351498097
0.0037492693076532136
0.001349321229348755
0.003536599641018731
0.0026550458936928497
0.0027672528112934764
0.0016976274152066709
0.0029091547462734664
0.0023417282867539938
0.0032649592394614576
0.003092232636161015
0.003095496226641891
0.0015395442186058217
0.001610393959306353
0.0017714353593408858
0.0022594925792909183
0.0018905000423581654
0.0020459685330962004
0.0018988160115222372
0.0021556870922008974
0.001506996156658731
0.002072960118545344
0.000843994162439871
0.002340733083172611
0.000978052739661211
0.0019440542929139394
0.0009605796431098932
0.0017753924889696783
0.002010564878736605
0.0021148356002375778
0.0017857645645457455
0.0014684839887084266
0.0010185718075216652
0.0021867842113940865
0.0018749903483131086
0.0014346751212151929
0.0017998155663189084
0.001489930770265101
0.0011711817538676986
0.0014434326664560146
0.0013794701130582906
0.001026080300629585
0.0012671414084494995
0.0010517506559710183
0.0009423108527853912
0.0017176117245678074
0.00137518858914906
0.0012801339391223015
0.0014237933066443176
0.0011013427626874058
0.0012169951760086248
0.0008566830889790042
0.0012108430458879073
0.0008939124593776054
0.001501133277648982
0.0006553429236245314
0.0010342108102508038
0.00166935417223477
0.0007288965718644164
0.0012574307667590234
0.0009532100805248433
0.0008990119698379519
0.0010435680216743062
0.0008809070888715229
0.0010100643637403906
0.0010889790172397163
0.0006794178321780917
0.0013441431434289951
0.0013290913923601974
0.0011220260919060211
0.0015987664931323962
0.000735993336284462
0.0012341095539467337
0.0009015594067963839
0.0007367150417256955
0.0008641938776302605
0.0006946296822654747
0.0009607125829446588
0.001350950075896743
0.000669945359500331
0.0009511623679234652
0.0007832959376364764
0.0007106870775265882
0.0007227025904594982
0.000867186154922399
0.0010415851024443265
0.0005879195803205179
0.0007564597605462087
0.0007690589463393824
0.0006471575130978038
0.0006977058828395133
0.0007787335611580582
0.0006281144963941372
0.0008086225243161678
0.0012143266766998942
0.0004979190277999073
0.0006713813388367705
0.0008603189955586532
0.0008911988174601016
0.000734365459437246
0.0009452617518096933
0.0011027287403894198
0.0004500762512225209
0.001183091697580038
0.0005033887528731945
0.0008838429801264916
0.0008066576200193732
0.00045183232356512705
0.0006701697204942064
0.00101945410809482
0.0005677653957425824
0.0005516046094872417
0.0006377198691042216
0.0010409445935570187
0.0007088867821167422
0.0004646829549158003
0.0007119170616871472
0.0005241555139942763
0.0005469069331841418
0.0005978174796831538
0.0007033767643870089
0.0004461288815444032
0.0005204282849929046
0.0006713038765394613
0.0006835581925796803
0.000843009505906539
0.0005824096358884311
0.00040937395022054796
0.00048448981966723155
0.0005817319531485654
0.00045417547211916583
0.0005706114879354005
0.0006174706171796762
0.00042305147394505895
0.00060427357114363
0.0004865928157830348
0.00041908190976058546
0.000525882358945927
0.0008654965369015225
0.0004180075230371843
0.0006776807086994338
0.000669612749637339
0.000443465287409525
0.0008522278854846385
0.0007103251283887923
0.0005490802744746401
0.0004663327616613807
0.00045765356664943335
0.0004899372733351032
0.0007844080671831885
0.00036334404341981807
0.0003835659975930987
0.00040901681371566294
0.0006690627246737307
0.0005029686515261258
0.000601123855871464
0.0006490438573349014
0.00035558018921399585
0.00043775652745635016
0.0005520683012309086
0.0005234037973772333
0.0007697562739708567
0.0005065866560370883
0.0005504383961104099
0.0005266034016271143
0.0007411899952581093
0.0003696105895856588
0.0005393082829056105
0.0003420155107301564
0.0005773515427182236
0.0003164031937246607
0.0006440514250814808
0.0004495636313999016
0.0004810720873442418
0.0003768149579375907
0.0004889181899399058
0.00038498965469280086
0.0004654662999057408
0.00049990806050241
0.00036100727162204115
0.00034985130637968956
0.0003351160650197028
0.00037606113833537773
0.0003613675471948142
0.0004016612365673834
0.0004405851446868153
0.0005707213042011833
0.0006090642848034058
0.00029845946429812354
0.00026984425777974095
0.00043899281733338487
0.00038082604370991033
0.0004388622086174813
0.00042834064874779944
0.0005251188003791275
0.00033108511058997956
0.0005532796341331656
0.0003135200813623674
0.00033640545267534476
0.000562814163055257
0.0004249542366527166
0.00044384436196566056
0.0006034104056501684
0.0005621370751459209
0.00031205284814487855
0.0005351821587075092
0.0004147223006924662
0.00047071888325060006
0.00043149656741899874
0.000347394515356212
0.00044578245925932185
0.0003964797024610051
0.0005553288964534369
0.00039851522966473596
0.0005206737444814521
0.0005107623388840045
0.00043833814536952916
0.0003014682451272607
0.0002762157736759318
0.00042708855520541734
0.0002527138213881371
0.000477330715268873
0.0002279673069646043
0.0002976965465124371
0.00036132144100456187
0.0003088940391975444
0.0003227095381369324
0.00033098550764267426
0.000391787202719589
0.00035670773634997513
0.00026149367912697255
0.00036984262300141256
0.00026206499074416195
0.00023958118567931713
0.0003355166579072766
0.0004991881019223212
0.0004342735642457648
0.00035503498314221483
0.0003279423115202079
0.00035801065482009905
0.00030178998838526784
0.00040927875798498734
0.0003164911310713426
0.00031282025831202396
0.0003673721048310935
0.0003511743154244613
0.0004504337638456759
0.0005010731040134392
0.00035854985554107727
0.000387896747666807
0.000382555284042622
0.0004205094062020168
0.00026116956956101283
0.0003471287984460427
0.0003441949917345001
0.0003385236965182653
0.00029662631259575985
0.0002837561026974359
0.00045653951431138667
0.00020865136517476303
0.00035216221831260437
0.00019348410674896961
0.00046408460080068917
0.00043804883766723946
0.00044577097411040335
0.00027948297006621844
0.00026327021013615215
0.00036637071940889344
0.00031590031206491523
0.0002215300322277028
0.00020484555351562902
0.0003549082944024188
0.0003199612324512711
0.0003948517893037818
0.0002708435557095928
0.00041604383525846987
0.0002512859796026679
0.00024820568783758706
0.0002874030086705185
0.0002865722977162413
0.00028769982536883565
0.0002868433033936011
0.00036654262284526503
0.00029225405016593823
0.00025781887645023416
0.00022283357651427108
0.0002979546358845961
0.00032384367867492825
0.0003041123137831639
0.0003010887784900606
0.00029440807407357796
0.0002928877356428489
0.00027364494351917324
0.0003130440982552833
0.0002552904737488487
0.00023801187856179265
0.00017052589566948152
0.0002825769895526939
0.00021848198749698262
0.0002702375332824595
0.00032537922229724657
0.0003007380211153691
0.00025805291823726697
0.0002602015677505734
0.0001661310923832266
0.00018394105281604594
0.00017351959144498662
0.0003212741043517937
0.00043878254385247236
0.000222554228293543
0.00028819917958227326
0.00023716794123863934
0.00030032609654754807
0.00029921869957012234
0.00022619062924893353
0.0003848720926464614
0.00037888354362832264
0.00044312089864639636
0.0002902347439618813
0.0002391178401776651
0.0003568098751825146
0.0002273855071416268
0.0003454509599083828
0.0003667121788517201
0.00021594911560206674
0.00021813023624886124
0.00023070138606254837
0.0002817591780654388
0.00024719303144058027
0.0003026185215780453
0.00018759674728210794
0.0003518950464370289
0.00020182891516336876
0.00026109617376727384
0.0004160995739896322
0.00023294290056074472
0.00023426138583484412
0.00026410114166959596
0.00021809793824340958
0.0002679340453659695
0.0003542185684575213
0.00019226151908391796
0.00036351770398190434
0.00020935897214671047
0.00021140602105131583
0.00019631208303217318
0.00014849801541758168
0.0002160851312058773
0.00014289250693192492
0.0002592285211477829
0.00014838213781213615
0.00025089029788633775
0.0002685478421864868
0.00033435151334198127
0.0002448622405843849
0.000247055029328462
0.00025266729234533857
0.0003008147823237777
0.0001466322406433577
0.00027287705928009975
0.000272328059446448
0.00023655570194509355
0.00029684211796324937
0.0002599103066786235
0.00015898423133363414
0.00019469089873658675
0.00016652535911831941
0.000190779765430443
0.0002452233897364573
0.00030616844764164413
0.00017463739226534488
0.00029562212447070436
0.00019107415630875571
0.0001665512377364194
0.0002467508033993138
0.0001804199962866366
0.00017139836244054455
0.0002703661986214968
0.00037325839047079584
0.00017605316394127079
0.00023511941322576922
0.00029940536214606675
0.000254516395443209
0.00023286645440744093
0.00019524429251290145
0.00021906061300691647
0.0001915421843082762
0.00024137497505759693
0.0003779988959867838
0.0002531389732692225
0.00023653976102346367
0.0001890586765556234
0.00021238339970518875
0.0003051256208907012
0.0002800595127662813
0.00033038365433735845
0.00012400490874592659
0.0003580318407021908
0.00012469631356191522
0.00021239222559022892
0.00021448260782389015
0.00024086315443094062
0.00020679372708903537
0.0002200981103850454
0.0002009529997967438
0.00018408233305382033
0.0001276045863878691
0.0003175407592491821
0.00023127972887120393
0.0003070913843343649
0.0003099960741126582
0.0001346303074207311
0.00017547948248235808
0.00012446062882211684
0.0002153440421055566
0.00014886899761308264
0.00013849211884387288
0.00013406595005741858
0.00020512502388417235
0.00025706192597997016
0.00019153660780135072
0.0002211378111820726
0.00019133929859135274
0.00017873951568407435
0.000292326653352756
0.0001928639251201963
0.00026548657237575123
0.0001438313980875466
0.0001510448216738337
0.0001617767904006174
0.0001314458363566786
0.0002316459619788374
0.00018359270364515367
0.00022156778445550263
0.00014426660800383607
0.0002106078453800444
0.00022060666905829445
0.00017100253097026403
0.00022448225797951622
0.00015122679805700293
0.0002050386282831092
0.0001660024964633098
0.00024687016893917753
0.00019118985594157372
0.00011128840178152111
0.0001566171304343202
0.0002623479837075774
0.00024841249962579846
0.00020824002495083927
0.00021229743961395485
0.0002583406945366659
0.00028211713460676207
0.00015112681902899782
0.00019675508961921595
0.00016505919415300623
0.00010613175006695336
0.00019079553346053758
0.00019418624723096901
0.0001251723734719476
0.00011336053373731427
0.00017518385929430404
0.00022470015437905862
0.00025083675564913115
0.0002863922949509649
0.00021904663458131667
0.00011300334244867172
0.0001089763127280716
0.0002057709197214733
0.000264488697471569
0.00011053167256934007
0.00016494675597553363
0.00016090792136720406
0.0002493871960758777
0.0002361142242537071
0.00016624922524010534
0.0002725448411166029
0.00017819622662811814
0.00017502352203062815
0.00020455205027289405
0.00017440127385302478
0.00011290467505377758
0.0002529708791625877
0.00020751820093810832
0.0001817902999938939
0.00011920711660567318
0.0001202546457075279
0.00022903986089909125
0.00024368402218201464
0.00011112377322248436
0.00013503517830842167
0.0001810808932040423
0.00014296970435036452
0.00017799125156336311
0.00019218654966045512
0.00012028277511454313
0.00012505548014607131
0.00013748789146269958
0.0001819950173935947
0.00023504344110099337
0.000233058416958358
0.00010125534284492135
0.0001598343307828699
0.00015198563733145567
0.00016974785944834633
0.00016579779249397043
0.00018628280571798283
0.00016616075264140452
9.877907707407118e-05
9.531924206639708e-05
0.000136738006970073
0.00015955727997039035
0.0001672257769863375
0.00021259733863080593
0.0001392792159908995
0.00013998168431879763
0.00018362510363993456
9.656459156549993e-05
0.00016922409490630473
9.5683109410068e-05
0.00015979993016035645
0.00018640084112423553
0.00017360142786076817
0.00010414681815569842
0.00019118814178793365
0.00019324080269554503
0.00014840676936653886
0.00015452360308387865
0.00020240723585779872
0.00015064873123579888
0.00021899027358510728
0.00012905918533457657
0.00013948935605906975
0.00011519069390874948
0.00014988740705040298
0.00019515703008051707
0.0001690695051437132
0.00014448747101357786
9.543777927842518e-05
9.831844992853343e-05
0.00016811837668435616
0.00019470294896028906
0.00010140515628726802
0.000209800399626683
0.00010250491493076722
0.0001601714332047685
9.974539880358144e-05
0.00010095259918033423
0.00018208630559782643
0.00018693849167811052
0.0001843708078590253
9.743839399226396e-05
0.00018899942609163588
0.00017190911699523737
0.0001006435288080064
0.00018632546058063997
0.0001345280118513076
0.0001368043499460428
8.195063461068604e-05
0.00013486963837809393
0.00011920260878027259
0.00012835999505875776
0.0001496187645492253
0.00016839012057638533
0.00016318302773899864
0.00012716352569806216
8.205408813388436e-05
0.00014580434069232375
0.00015810887996049234
0.00016424002316749314
8.868494639258593e-05
0.0001129211444594494
0.00010571567975783743
0.00011772907008856123
0.00010761026581941145
0.0001507010955881834
0.00011930312183708132
0.0001174567882608349
0.00012248813291807138
0.0001458264276892168
0.00015738305441985998
0.00018045047311184326
0.00013562319271849944
0.0001290889862519245
8.613333650363965e-05
8.588995750765733e-05
0.000139322573040817
8.80987402574767e-05
8.546193251787414e-05
0.00012436037936021068
8.834257643594654e-05
0.00014142238290799854
0.00011428527547619541
8.697528259100108e-05
0.00014067217076574017
0.00010542710469147529
0.00012239810345124845
0.0001085375702915773
0.00013735519353120192
0.00010148270915294637
0.00014008116614847667
0.000133366735239425
0.00012239885114346708
8.355914871125717e-05
9.113802964453723e-05
9.775060919474236e-05
0.00011924308862712685
0.00010062916632063842
0.00010733143332424683
6.72606126665955e-05
0.00017582944573297802
9.216642700884896e-05
0.00011365155943333745
0.00012430931762891196
0.00012174028287823144
8.417039707688536e-05
0.00012103362035021356
0.00011432082477189479
8.7548509170704e-05
0.00013548979368413404
0.00010263493011040525
8.201577420885899e-05
8.80422069678372e-05
0.00012553315390906753
8.791029061496005e-05
7.128443269515715e-05
0.00018042153089596182
0.00012201830207553102
0.00013587830398525925
0.00015355380173335883
0.00012240805780187235
6.824081936975629e-05
9.781900461695545e-05
0.00014905043256477994
0.00010236908816964706
0.00012318231613035134
0.00010417484713656621
7.111855147367736e-05
0.00017359611703105513
0.00011534261749184422
0.00011672660814972407
0.00010793984926329754
7.824129888132969e-05
7.271187350522139e-05
8.724455823322735e-05
0.0001571221168943156
0.00011844645819330078
0.0001428768597662786
0.00010881048848645746
0.00010257875444745733
9.131158047286373e-05
8.680019463226471e-05
8.467312959519649e-05
9.512796614583442e-05
0.00011732337877843578
9.451896995085903e-05
0.00012371722518012527
9.257982347660105e-05
0.00011544324720642539
9.090705892929339e-05
7.742816956715423e-05
9.167798065141322e-05
9.015165432628772e-05
9.31103824119416e-05
7.866656516654245e-05
0.00011760250086634855
0.00011040541524448864
8.452690599114888e-05
7.340207981052336e-05
0.00010341467766916995
7.094869169651555e-05
7.393612763449777e-05
0.00010685098992627308
0.00011093564905816763
8.207210776807087e-05
8.133449605381488e-05
7.796284462436739e-05
8.366055898289609e-05
8.516536612178568e-05
8.795205177443366e-05
9.594237351765993e-05
9.82173960949526e-05
9.928874488643071e-05
9.371087471117144e-05
6.246763871313938e-05
8.112183433812086e-05
8.744451869652474e-05
8.576761888379425e-05
9.640857949926937e-05
0.0001214214506771135
9.309814429631534e-05
7.80251312424429e-05
9.136557981946066e-05
8.065727174215034e-05
0.0001272874624065629
8.869525777775347e-05
5.788692101621737e-05
7.53429043281748e-05
7.203468704105276e-05
9.197853488611097e-05
7.872491908857809e-05
8.167138972790274e-05
7.802889518969511e-05
7.902884044717144e-05
7.04722965547632e-05
8.400375984119856e-05
6.751428164798669e-05
6.446484207708501e-05
8.766750494443247e-05
0.00010413244840883198
6.964110533536899e-05
5.877429364597239e-05
0.00010622136993882649
9.353021049382413e-05
0.00011818747538286628
7.935845748390595e-05
7.103573858243794e-05
8.034686296570232e-05
0.00011932138808801958
7.135600619468662e-05
7.044483432834134e-05
6.006431174298084e-05
5.994478165985206e-05
7.95266388085097e-05
0.00012088728617071276
7.151030826144247e-05
6.0552568437768914e-05
9.748797638906504e-05
9.172153179147784e-05
7.356883259366611e-05
0.00010317475666769063
7.423237858533031e-05
8.782630342497175e-05
6.768823611228141e-05
8.591607560485103e-05
0.00011335230893161012
6.474181921486726e-05
0.00011652116644029258
6.026065102632402e-05
5.551745568110947e-05
0.00010375197752478016
6.47046579129355e-05
6.961772280016454e-05
9.036289837600172e-05
0.00010747874356556535
0.00010592804298859874
6.613087025023383e-05
6.398169310226502e-05
6.575294652795214e-05
6.238565325013742e-05
6.263065971931823e-05
6.23709174746839e-05
5.559447496605701e-05
6.381506709515727e-05
5.45204908192714e-05
5.4297188771305796e-05
5.6953161315207274e-05
6.765427747808383e-05
6.627362274518544e-05
7.258703935864681e-05
7.27589724007765e-05
8.445067210571656e-05
7.273851157490556e-05
6.063618103941936e-05
6.399344086445903e-05
9.970302120229885e-05
7.054117696041143e-05
6.609636397679803e-05
7.666841882690066e-05
4.729542019051165e-05
6.521673029899042e-05
8.371346315381694e-05
7.133850524783272e-05
7.065472460442895e-05
5.750555408250794e-05
5.7176543572714376e-05
7.215784305908911e-05
5.698085663863749e-05
5.5879366732266975e-05
6.403680115058e-05
6.04770039160237e-05
5.025543451609214e-05
7.166671663270327e-05
4.9943241874737124e-05
5.348407431989134e-05
5.456736674818047e-05
5.3647460259255435e-05
4.476666605530079e-05
8.483993726337376e-05
8.697488061126996e-05
5.2217524336494116e-05
4.784171940153144e-05
4.771302140355299e-05
4.718769481839867e-05
7.109746758604603e-05
6.0188124783609444e-05
4.9038045787257206e-05
4.2656726653384694e-05
5.888597242086625e-05
4.874216871510437e-05
5.855924029963051e-05
4.726574719998175e-05
4.8660446018115065e-05
4.825770324874057e-05
4.683807132922472e-05
6.276946428586046e-05
4.122836822296203e-05
5.404664656210957e-05
6.35075449244341e-05
4.640858798640631e-05
4.782828224922176e-05
5.0817881371693177e-05
4.9318330075179386e-05
4.1752027402117463e-05
4.395946683306918e-05
4.113101673629801e-05
4.391667760271222e-05
4.440389952355116e-05
4.5617918082161815e-05
4.417596923740848e-05
5.096458457709873e-05
4.733783304159652e-05
5.004065374189224e-05
7.674227376667395e-05
4.996538354839878e-05
3.959961310259464e-05
5.0941742530292195e-05
3.784987711312252e-05
3.547598735847776e-05
4.977943693978691e-05
4.702082391138764e-05
4.712153818400299e-05
4.086060035371919e-05
4.549340540684556e-05
3.288669948066483e-05
4.9562701820679796e-05
3.730434002679969e-05
3.890008917194374e-05
3.306926878398799e-05
3.462504787265008e-05
3.496229839834848e-05
3.428502543307162e-05
3.7334895511926236e-05
3.459445204918984e-05
3.5374000157755886e-05
3.4374194842586414e-05
3.380154003936304e-05
3.319229747812558e-05
3.475633855048648e-05
3.153189815110256e-05
3.137204352342903e-05
6.295475308313804e-05
3.525244672228416e-05
3.821829483508679e-05
3.531664601488749e-05
2.7936584523628574e-05
2.9441291144755743e-05
3.116231168719283e-05
3.8276653904632974e-05
3.694356245431047e-05
3.505241765754354e-05
3.744508469323283e-05
3.883984697888989e-05
3.521240724088053e-05
3.236668559696642e-05
3.457347247029045e-05
3.2295457850521976e-05
3.337082294615129e-05
3.001533640599512e-05
2.5846327513272886e-05
3.143286975771119e-05
3.2662391851696775e-05
3.492803507804796e-05
2.7407300886054608e-05
2.673381106942152e-05
2.5705432584928597e-05
2.4095886923683773e-05
2.5937859968223757e-05
2.5296131076456428e-05
2.537659550576862e-05
2.4647261271549175e-05
2.4580698593829925e-05
2.5437185015496285e-05
2.36954157848934e-05
2.2341320580907572e-05
2.209088784530796e-05
2.6054957943550633e-05
2.1109143366128292e-05
2.3794829041368988e-05
2.4301486963054942e-05
2.602139756083811e-05
2.5063622259807314e-05
2.5844447265418446e-05
2.3398655326457777e-05
2.7518673406343044e-05
2.052286569742668e-05
2.4542082192490193e-05
2.479573761407326e-05
2.207145849030463e-05
1.9055831122191963e-05
1.7911848263469003e-05
1.6819412970541244e-05
1.7775271347278778e-05
1.7298256846879515e-05
2.258388280306269e-05
2.184651140066931e-05
2.169103181418518e-05
1.7491664469344136e-05
1.6233876609756347e-05
1.5977300021167398e-05
1.6063420160026066e-05
1.545498799020948e-05
1.9788112543273425e-05
1.7224750628286727e-05
1.3944502018676169e-05
1.401251314761411e-05
1.5387166989485875e-05
1.566360305987065e-05
1.8024723128830045e-05
1.69606520773955e-05
2.1152893877179537e-05
1.7822578596119407e-05
1.6953038710262096e-05
1.158496596543321e-05
1.277763767752258e-05
1.3901276112707843e-05
1.1094745334350901e-05
1.4139080544359012e-05
1.4005673585736907e-05
1.1251726922111629e-05
1.1053918353596728e-05
1.483599036319643e-05
1.1858511335095916e-05
9.616805468021329e-06
9.531880396845462e-06
9.910091222478503e-06
1.0503323716167109e-05
8.52354673418531e-06
9.553034640419173e-06
1.0690459349168805e-05
9.496365367274835e-06
1.4586386451870137e-05
1.1338800838863645e-05
1.3422644733149906e-05
7.800213826756723e-06
6.779729309160949e-06
6.655303514169149e-06
9.024796079181022e-06
9.034960808526028e-06
6.282718380350929e-06
6.350334123950097e-06
8.13067905351857e-06
7.115297695054413e-06
5.192273560641326e-06
5.173150887205916e-06
5.810643404919261e-06
5.555114188311503e-06
5.946649718265598e-06
6.204722825136997e-06
8.75467082975108e-06
7.464479900382441e-06
5.219136394640972e-06
4.1238529633582324e-06
3.4191401866512738e-06
3.4109883743089205e-06
3.0716790029521925e-06
3.089188022865954e-06
3.5939656754273174e-06
4.4545740883192684e-06
2.5548410703101477e-06
2.82645307748399e-06
3.213612395166909e-06
4.5531236503012275e-06
3.5079617050777826e-06
1.3227430925687486e-06
1.849327355890181e-06
1.3284720062070425e-06
2.025024958335956e-06
1.38912343564075e-06
1.1709113494017533e-06
1.1681616286119477e-06
1.878693476868357e-06
3.178994626680883e-07
8.390796076813912e-07
