0.01245565216863546
0.010902155654489874
0.009640921681866862
0.008658939591845168
0.008057704150760637
0.00773518019034812
0.007640516880641228
0.007595425561112882
0.007503922994663615
0.007423260980633767
0.007121423955754808
0.00701036874615127
0.006997420717728008
0.006835440935936567
0.006641488984125582
0.006285657966297534
0.006051607549631728
0.005890647740581415
0.005718585126965465
0.005706763471473383
0.005617851193506559
0.005516691212565404
0.005499138388470841
0.005473286840980173
0.005320747827511164
0.005266883054618648
0.0052107162760226195
0.005201496422877661
0.005218788965006528
0.005221177499850503
0.005173386265972009
0.005053109002170224
0.004940094760589687
0.004948533098486949
0.004939124104736362
0.004920859816839651
0.00491968700746365
0.0049128942556748096
0.004743870139104816
0.00470889386855392
0.004579937124438674
0.00451660737022784
0.004502919731876527
0.004465468483729498
0.004426475381601075
0.004401279161365439
0.004395658064365131
0.004314099424402277
0.004291572527234226
0.00423123630523371
0.004168401562554124
0.004119245295728807
0.004094536922730328
0.004054530136387083
0.0040556364680883255
0.004035569666553784
0.004037382336862824
0.003993966452092038
0.003984074892057901
0.003960568702615695
0.003938991472061678
0.00393767603899467
0.003938429625235642
0.003926985510478569
0.003922894387663394
0.0039085708350901326
0.003909439837336769
0.003901358414005707
0.003857054026930542
0.0038324661503398483
0.0037946905175570617
0.003786918115982135
0.003778132714154379
0.003758684477164235
0.003733616191101484
0.003732545760867096
0.003705491390978512
0.0036781825769409884
0.003660353810646658
0.00366157480176482
0.0036497623713940435
0.003650030132776545
0.00364865605206303
0.0036333462755536988
0.0036239894521841657
0.0036077808819287554
0.0035865935683838364
0.003584671817594476
0.0035733115606850726
0.003558950730126838
0.0035498057137878457
0.0035420795506158937
0.0035274643145530317
0.003529431694857565
0.0035265819027182734
0.003527292062411556
0.003523740012876731
0.0035186178813074297
0.0035177534815812347
0.0035102398585804876
0.0034966931816174888
0.003486263617248198
0.003488950735642067
0.0034791519687071303
0.0034751752351777337
0.003475674597756155
0.0034772256151504315
0.0034667878805775465
0.003462561611893294
0.003452833940882996
0.0034438532807515125
0.003441328185573776
0.003430254708814294
0.0034296391063035367
0.003422966379586498
0.003423241593345384
0.0034255913855705026
0.003414689600849767
0.0034058813314229155
0.003402736786745939
0.003398089930669797
0.0033924968920518747
0.0033934839627345003
0.0033863447490062966
0.003388889235662202
0.00338248928568516
0.003379724378944949
0.00337854436547005
0.0033796046348197064
0.003373559448473455
0.0033684696361252907
0.0033635337094749074
0.0033657597838810467
0.00336622432039647
0.003361326727883479
0.0033611094702604783
0.0033554148610844526
0.003350317385154226
0.0033455077480852415
0.0033431548960619535
0.0033380610610436604
0.0033311491599053653
0.003331317175335231
0.003324948756080938
0.0033238499928809916
0.003318083975756381
0.0033143703968270756
0.0033155359359372115
0.003315474707846702
0.0033121454551735584
0.0033132950601845556
0.0033105599204385086
0.0033108650565634844
0.003304519358490074
0.00329823528233707
0.003296690881085062
0.0032925975231614564
0.0032905388744755362
0.0032862044070744874
0.003282489890572036
0.003280846008619542
0.0032826316427198307
0.0032844572570109617
0.003286338451439509
0.003286886649898213
0.00328210285834319
0.003282742289451474
0.0032812563237949294
0.0032775945175034737
0.0032776597623772634
0.003279409166380376
0.0032770638435278667
0.0032772133864098943
0.003277564042214509
0.003275692042101496
0.003275979311239788
0.003278420404208122
0.0032753091281621325
0.0032713326926182033
0.003273008633954846
0.0032709551887562913
0.003267967720242261
0.0032697734098040138
0.003265045297988854
0.003262055461639492
0.0032609320675238344
0.00325803553020903
0.0032589800632647175
0.003256960302667489
0.003251645945861977
0.0032514866544859585
0.0032541948629418787
0.00325130111954157
0.0032481958611791
0.0032467254791142927
0.0032435354814599167
0.0032422013794152064
0.003241083541800415
0.003239562565582398
0.003241223511050057
0.0032421710944438103
0.0032381618523280495
0.0032376899438874038
0.0032342282780324417
0.003232206162841092
0.003229696425031421
0.0032313995251309073
0.003231421930927474
0.003234282889711172
0.0032338379110236895
0.003233677245714629
0.0032304135555894322
0.003230730630390546
0.0032311475548429994
0.0032288701888325906
0.0032288487347160912
0.0032300142762964512
0.0032283759471620353
0.003227733246332663
0.0032281065096097083
0.0032259855147804633
0.0032277757647656484
0.0032292441422516827
0.0032307487105072644
0.003231119815675076
0.0032290594226981662
0.003228464171403013
0.003226114344904002
0.003228541072416779
0.0032282478703332513
0.003229609965277011
0.003230487592223099
0.0032288267202527396
0.0032272418888539553
0.0032257150971992787
0.003224992514432971
0.0032211660902910833
0.003221268600245239
0.003223119263545207
0.0032215187108809358
0.0032209000766471752
0.003221434109500306
0.0032184584067731846
0.0032182377439393148
0.00321649621865643
0.0032145930988142783
0.0032150987750369734
0.0032128752049002092
0.0032131395511204785
0.003212217671239507
0.0032098682122606516
0.0032095538956575993
0.0032070715156518304
0.003205264680323291
0.003202818647326258
0.0032030297152325607
0.0032015683425042243
0.0032036354859651182
0.0032036159601577484
0.0032041878811624696
0.0032063763291013776
0.003204409864147651
0.0032043622017769837
0.0032056769284158865
0.00320577796139914
0.003204141783481109
0.003205423147428527
0.0032040364678644516
0.0032037724938013684
0.003204660805298953
0.0032034880716548626
0.0032024538809085337
0.003204362803436603
0.0032043361691387415
0.003205202737578643
0.003205999171524902
0.0032050718722173004
0.003205528195103768
0.0032063810101325974
0.003206673275231375
0.003206025196007657
0.003203466463082226
0.0032038831060453633
0.003205132453466051
0.0032039705648078077
0.003202862058617622
0.0032002547534667716
0.0032005766798851665
0.0031992155007179368
0.0031981177253754055
0.0031955564133988195
0.0031950056853070614
0.0031937716727115494
0.0031939925442094753
0.003194413583014512
0.0031940396309636985
0.003195582590462089
0.003195757790433532
0.003195079297267795
0.003196806173694117
0.0031968446016914544
0.0031969820768531433
0.003197476010022014
0.0031962970022959103
0.003194084557853785
0.0031935235558642576
0.0031947575170948373
0.003193047251541017
0.003192860881870487
0.003194470662973255
0.0031945934283734248
0.003193541904476166
0.0031923091055383076
0.0031928349176904673
0.003194394471746288
0.0031925955705087478
0.003192734244448685
0.003191898382523656
0.00319301529716355
0.0031936766060860168
0.0031940442924830942
0.0031930848372853215
0.00319168829042419
0.0031916220473279175
0.003190384367164197
0.003189645651254542
0.0031909112487366735
0.0031905167311951353
0.0031906368934722135
0.003189918920431892
0.0031907344814310285
0.0031908726713950394
0.0031923686101657744
0.003192941396077223
0.003192550502333547
0.0031940465233335517
0.0031953771725556804
0.003194301924201584
0.003194439898612556
0.0031938803048754414
0.0031945416147368963
0.0031936450415392327
0.003194124675490168
0.0031957082805117365
0.0031960969409576163
0.0031974161292050197
0.0031977263584056035
0.003195451661873963
0.0031951412577897183
0.003194230721561847
0.0031942107157279676
0.0031953178799602015
0.0031927373236859883
0.0031926646179679338
0.00319319467482503
0.003192094690357629
0.0031920586157740288
0.0031915007067334655
0.003190602010224363
0.003192159651597477
0.003190063677459
0.0031904237006625427
0.003189559722392567
0.0031886100798033295
0.0031879681329678496
0.00318747673837411
0.003187808202154316
0.0031873660536919945
0.0031875385548342633
0.003186166084052544
0.003186391567174206
0.0031852041537769396
0.003186472629415747
0.003185247289093526
0.003184720005103066
0.0031838122867534455
0.0031830891477816333
0.0031827651461388364
0.0031821948817894853
0.003183019923626248
0.0031812598985352376
0.0031807458004844136
0.0031802128280083077
0.003180124925381682
0.0031815574159899584
0.003181907296386391
0.0031830774378393163
0.00318207299702916
0.0031826339483227595
0.003182560965626832
0.003182983137419546
0.003183064163102705
0.0031829636671958927
0.0031816025721684827
0.0031813431942981124
0.0031805672989797616
0.0031795336131116895
0.0031785132865302782
0.0031795412190198744
0.0031775395686836983
0.0031754906303600606
0.003174723687257508
0.0031778690084009998
0.0031798722617849655
0.003180148814045414
0.00317948567086444
0.0031805872775141192
0.003180984827908759
0.003179146854393891
0.0031764897593985074
0.0031768080560940653
0.003176373336866678
0.0031759323494015483
0.003176318379483347
0.0031760258523280704
0.003177283762024087
0.0031768394723651477
0.0031764419028820724
0.003180745609619988
0.00318075753012153
0.0031787955361568783
0.0031820171717898394
0.003182109447376023
0.0031805524187404036
0.0031807216229537746
0.003181667357033226
0.003181417324209284
0.003180201139457498
0.0031850789214023186
0.0031837915675537107
0.0031856650698692274
0.0031850601158151526
0.0031850497637810255
0.0031850880717508383
0.003188428147929945
0.0031915852215801256
0.003192089656791847
0.0031970993699468007
0.003198117161272371
0.003199832527528805
0.0031985304991269258
0.0032017565354426234
0.003200223291909228
0.003198711308850898
0.0032004612347376537
0.0032000482561178145
0.0032010054705536037
0.0032057863633446594
0.0032054207805568163
0.003205729237001186
0.003208508308924714
0.003209386151987175
0.0032090310360546226
0.0032098031564742145
0.0032099805844752493
0.0032110546269417473
0.00321142167837425
0.0032117820072968344
0.0032106507705930362
0.003210403557527245
0.003212255572629619
0.00321386490426398
0.003212752981585635
0.0032115379048822286
0.003212015887649524
0.0032148096861103898
0.003215348076214476
0.003215688305217685
0.0032153675932225356
0.0032155477784626455
0.0032152081574100375
0.0032139170994635855
0.003215798937031295
0.003215698821853519
0.0032158842389512104
0.00321630316488397
0.003216465807289503
0.0032162757037777546
0.0032204659088615637
0.0032206926427625206
0.0032205719346375633
0.0032208660182832744
0.003220641321310843
0.0032205100122502353
0.003221456048637659
0.003220433824532114
0.00322445614174008
0.003222480830573308
0.003226446204920605
0.003227608049394786
0.003232150317097556
0.0032338010532471065
0.003232817827750273
0.0032329680434098978
0.003232018811424246
0.0032332276467004956
0.0032348281370113826
0.003234870185577175
0.00323582874846166
0.003236219153308769
0.0032359847512637933
0.003234871524719236
0.0032328401693761245
0.0032348403236939225
0.0032327364186861968
0.0032331422374611988
0.0032338064737250224
0.0032344057183271396
0.0032388145542151378
0.003239602485629488
0.0032399877088902327
0.0032385292539843912
0.0032393808674549946
0.003237515412382352
0.0032399195583640472
0.0032421931419937965
0.003242385176592059
0.0032424745055402784
0.003240328669812511
0.0032431916250338245
0.0032429516389801717
0.0032470243363355474
0.0032453798744916003
0.0032463767855005782
0.0032466750153228438
0.003246870722362714
0.003250454452499817
0.0032528773502805853
0.0032535672227069915
0.0032534178743871805
0.003251598098983893
0.00325164067386139
0.0032501831882634194
0.00324927826092664
0.0032495759894895734
0.0032487995297828696
0.0032478996967707464
0.0032507483030274112
0.0032504280295846386
0.003253900587939495
0.003253320776994427
0.0032536258163384383
0.003253654076765491
0.0032540825135944393
0.0032553456354393303
0.0032581718859143213
0.003258555609220637
0.003258957919086071
0.0032598640824861983
0.0032604698729819764
0.003260240246101828
0.0032586511871393483
0.0032610364796004966
0.0032619583642366497
0.0032636720018323615
0.0032656944287190784
0.0032665199569660453
0.0032651323081978596
0.0032658508288762175
0.0032662538112742685
0.0032665600230813614
0.0032653653294887684
0.003266134255378939
0.0032618256736360735
0.003259543533104469
0.0032587936730296137
0.003257508447641827
0.003259782569779711
0.0032600763812269265
0.0032621968750059533
0.003262191517709238
0.003262586082023293
0.0032618203005230465
0.0032622210531871574
0.003260012901662862
0.003255686540823177
0.0032579595238724514
0.003259055865794096
0.00325892289801659
0.003261102623684195
0.0032568568774137695
0.003256245384877979
0.0032581507219864555
0.003259863447276069
0.0032587032278224392
0.0032589371821607743
0.0032591093408506216
0.00326166338883015
0.0032641395953359634
0.003262075666999668
0.00326251736218913
0.0032641062489480914
0.0032618552090707964
0.0032621639545179866
0.0032582016201693044
0.0032584620505637096
0.0032588938927091693
0.003258532609882696
0.003259476905245117
0.00325681982168077
0.0032582318980715194
0.0032573322360271643
0.00325378794575019
0.003251930849138169
0.0032517413257910203
0.003252430910229526
0.003251143394866151
0.003246832030924135
0.003244480123629412
0.0032454011170854296
0.0032467319262049943
0.00324619941980377
0.0032466149762229407
0.0032465878215094095
0.003247790957962736
0.003249139700482232
0.003249368982427543
0.003249812781540993
0.0032477304301951155
0.003250135628452198
0.003252264565428864
0.003250120190298707
0.003250267536817838
0.0032506427554822082
0.003251198165349832
0.0032526676630934438
0.0032521497038757257
0.00325244643676229
0.0032525556958342356
0.003254113171431702
0.0032531563999825385
0.0032525022067683004
0.003253057441121645
0.0032500188386381567
0.003250649018894979
0.003250785541523565
0.003248361875696704
0.0032465111972328777
0.003245887055002213
0.003245951880653936
0.0032443394893121196
0.0032466095166590386
0.003246910263906339
0.0032480239486172542
0.0032483325149727737
0.003247233233647088
0.003247429585276507
0.003247853675886156
0.0032476049647005246
0.003249088022654094
0.0032489038925910293
0.003248983975276144
0.0032475624688969957
0.0032451635393857445
0.0032452383214619995
0.0032441179709378916
0.0032442697831922265
0.003244861528038782
0.0032431169540544564
0.003240585903499148
0.0032416337192866717
0.0032416089967342017
0.003240313752011835
0.0032399219519996915
0.003240719487358332
0.0032420605966598896
0.003240988682807785
0.003242151979512483
0.0032434810758796527
0.003244460432257055
0.0032448208256609526
0.003245800119627778
0.003247219214823013
0.003247308249336947
0.0032450458148528443
0.0032452181133749143
0.003245733777586205
0.003246925820691271
0.0032459458374701307
0.0032451829964719914
0.003244026086180899
0.003243609694455589
0.0032431783864864863
0.0032415766759707264
0.0032425628338716094
0.0032404748279935267
0.003241996190927179
0.00324012632411105
0.003239261931829679
0.003239652991300201
0.0032413828174557174
0.0032415567988585484
0.0032390164394607646
0.0032376061551698037
0.0032350948001729834
0.003232144663611169
0.0032296538398038435
0.003228035729755927
0.0032256548034678744
0.003226019593276929
0.0032243936207909615
0.003224482488273621
0.0032246588930310623
0.003225608061502785
0.003226563053684698
0.0032232560501489343
0.0032233407649189436
0.0032237578767170365
0.003222551253811416
0.0032230296860192697
0.0032230196822922216
0.0032240342234791906
0.0032229357178833597
0.00322250263359601
0.003222406850564549
0.003223686910280546
0.0032237762626281157
0.0032215809899751413
0.003219285444039952
0.0032183032722156142
0.003216843584979911
0.0032174897763024126
0.003216406158336793
0.0032160979041375637
0.003216186925023785
0.0032139665723445363
0.0032141231431487547
0.0032109083867292738
0.0032074944889197263
0.003207552895258874
0.0032055917972299832
0.003204956361604175
0.0032029202402960315
0.0032036842342953653
0.0032025408477569625
0.003203144824964154
0.0032034755945193724
0.0032032660516378886
0.003204074204890871
0.0032041537882983636
0.003204323482002295
0.0032044129014860063
0.0032045206002449494
0.0032046324305983996
0.0032038186898171723
0.003203239582988954
0.003203772364664823
0.003202828588022003
0.0032036590116961
0.0032038264750754984
0.003203466646809643
0.0032015265641409368
0.0032001802252846594
0.00320106312792002
0.0032003426324977895
0.003201688940721455
0.0032000559583499335
0.0031967341499691488
0.0031949652472502707
0.0031932172913798603
0.0031928984422623977
0.003192706488227645
0.0031920478587023336
0.003192865052890215
0.003192953186631705
0.0031939721552205077
0.003192807099955078
0.0031919085090070802
0.003192021978633267
0.003189260693857435
0.003188580214865707
0.0031867671004029577
0.0031875232653390145
0.0031850986332526902
0.0031819479963770825
0.0031820081025951807
0.003182768533680222
0.003182473249125177
0.0031816707417000284
0.0031825133089685756
0.003183168121639163
0.003183321358160263
0.003184017656766326
0.0031847570961896308
0.00318543790596713
0.003185519448507007
0.0031856064045713414
0.003185721213838653
0.0031841895283113504
0.0031826402428298335
0.0031832707768470365
0.0031829096779498467
0.003183275968045861
0.0031835985580868304
0.003184027093998099
0.003184178944428447
0.0031842335135395584
0.0031845267748408144
0.003185247034212579
0.00318393983764188
0.003183008130655199
0.0031822017276523233
0.0031823487576577098
0.0031818277593594767
0.003182870224635587
0.0031823004287415747
0.0031825518273121693
0.003181435650501535
0.00318112951486713
0.003180584456387962
0.0031791240368616493
0.0031783993769417206
0.0031789959108606907
0.0031791334020962077
0.0031792441431761445
0.003177124378154878
0.003178107119747463
0.003178183975975287
0.0031774222050780353
0.0031773283791095342
0.0031776239365442446
0.003178230462382703
0.003177965415068367
0.0031766801981416948
0.0031767564763912613
0.00317542138766804
0.0031747973738726087
0.003175431686547336
0.0031760094220671946
0.0031765697348372923
0.0031769673949820698
0.00317706410804603
0.0031772618440642584
0.0031760726219734687
0.0031753978505363743
0.0031755906281572075
0.0031752266615482833
0.003174494160222945
0.003174949396393984
0.003174469612903553
0.0031747724347053856
0.0031748784542229482
0.003174846517302791
0.003174915546424413
0.0031754191205088343
0.003174893547082376
0.0031739177835207167
0.003172298395230836
0.0031726401936110673
0.003172351058806496
0.0031724733694139654
0.003172749120400669
0.0031729763381193083
0.0031730429719558076
0.0031728492045688212
0.003171781699089197
0.003170738467575274
0.003170113529273723
0.003169994980195241
0.003169661808654202
0.0031700049247524818
0.003169467678244687
0.0031700205599622176
0.003170441757408833
0.0031705436406453285
0.0031706380745439074
0.0031699093828778933
0.0031694341902804043
0.003168876808773224
0.0031683885463835364
0.0031691152238510606
0.0031695588372019122
0.0031691698199276114
0.003169365841140592
0.0031688369759667713
0.0031688960782653326
0.0031692685308891875
0.003168867586757233
0.0031687421171333703
0.0031688217952090627
0.00316897010165172
0.0031690592275621854
0.0031682706806575103
0.0031674628794596763
0.0031677767033830894
0.003168274579421059
0.0031678813799623728
0.0031680937860020988
0.00316807259191196
0.0031680773949019337
0.0031685169033101386
0.003168648719477605
0.003168334474706521
0.003168421657481541
0.003168562403158029
0.003168608187179284
0.003168059288929952
0.0031681050150783544
0.0031682459047227478
0.0031681077137685225
0.003168120903898722
0.0031678057783349365
0.003167879779234888
0.0031674874780292304
0.0031673788316259064
0.003167175429773709
0.003167509388464705
0.0031677932477511108
0.003167495838457136
0.00316719747945796
0.003166892047505747
0.003166502295850266
0.0031667533645423946
0.0031661637862315526
0.003165619956935568
0.0031653926468661942
0.0031654163617165065
0.0031654851027356928
0.00316554540267486
0.003165475773759561
0.003165074372610193
0.003165319975177712
0.003165240246429034
0.0031652545004789176
0.003165291375926479
0.003165359530942551
0.003165450696760969
0.003165562715053918
0.003165657175585091
0.0031656920765147224
0.003165782385713817
0.0031660425306161122
0.0031656503411749736
0.00316553497402806
0.0031657300338614356
0.003165623560131311
0.0031658265913005034
0.0031655856866781946
0.0031651904639650803
0.0031648523753592356
0.0031647273973142466
0.003164749535125228
0.0031647979876036157
0.0031645852842423425
0.003164260581055443
0.0031640523933951447
0.0031641010143627817
0.0031641168182951164
0.0031641494903623703
0.0031641050335538367
0.0031639077390111037
0.0031636095966387
0.0031636592270645335
0.0031637184875369056
0.0031637733195221465
0.003163747358390971
0.0031638249176779713
0.0031638323406643805
0.003163979279775787
0.0031641250149108124
0.0031642916466084144
0.0031642509155614517
0.0031640675590827046
0.003163830911077764
0.003163585117797576
0.0031635212021030403
0.0031632914821403298
0.0031631595270614436
0.0031631759101942583
0.0031632026162696667
0.003163057594139276
0.0031630905251266847
0.003163109460000134
0.0031631331581837164
0.003163115038333564
0.0031631465149851374
0.0031631700686224028
0.0031631820846429086
0.003163181318913275
0.0031630675251676293
0.003163162933396125
0.0031632055004646425
0.003163305031297061
0.0031631797447017797
0.00316309725292764
0.003163069140262984
0.003162973034651631
0.0031628914808897726
0.0031629049858790904
0.003162915748406102
0.003162785040704596
0.0031628040582829886
0.003162812161985293
0.003162821209297522
0.003162831456978732
0.003162829290046835
0.0031627802813122942
0.0031627931584247725
0.0031628601999265623
0.0031628991436879793
0.003162856290894638
0.003162798719705713
0.0031627706003709427
0.0031627616123428536
0.0031627666326064347
0.0031627711496677122
0.003162778905800595
0.0031627266032208095
0.0031627302284602406
0.0031627318537973464
0.003162710985160499
0.0031627407870750274
0.003162752671979772
0.0031627473102026266
0.003162727612034676
0.0031627261262502553
0.0031627102180197546
0.003162711976131104
0.003162713199555057
0.003162714480037874
0.003162723234516257
0.00316272328943986
0.0031627182575140965
