6.492748815575604e-05
0.00010644391156156981
0.00016020703344873878
0.00022324924293242316
0.00029497222473120924
0.00038535833513683287
0.000437101260643197
0.0005428917924814676
0.0006085766272817058
0.000683907968883178
0.0007555470232882422
0.0008246061714319292
0.0008893133396463393
0.0009438652961877035
0.0010084425066075914
0.0009604888572487843
0.0010192511768454722
0.0009722297905111225
0.0009338736318615957
0.0008825884130078769
0.0008241736696406294
0.0007604391765341071
0.0006901248254989765
0.0006287444154227128
0.0005168374488591778
0.0004670886629190348
0.00036920767549161217
0.0002910989139370959
0.00022110815134517603
0.0001597563794590179
0.00010683141263024031
7.081421052497141e-05
0.00010644391156012186
0.00014750527820497244
0.00020492571834020536
0.00027372059534997416
0.00035776271858813384
0.00046732675374407156
0.0005297777893354344
0.0006565364547882012
0.000737352891671999
0.0008356658732078528
0.0009349412732729942
0.0010264169140043334
0.0011054502815096227
0.001178637174573334
0.0012679104971741772
0.0012107081672859208
0.0012825405998490751
0.0012170236700593826
0.0011658666586041911
0.0011045915041352217
0.0010261705044980606
0.0009351363697200848
0.0008414627633128186
0.0007644703505640816
0.00062840241374297
0.0005663945076341967
0.00044533750070427976
0.0003516882791395062
0.00027322769215308844
0.00020466317952954992
0.0001473683755375559
0.00011510939836872661
0.0001602070334489237
0.0002049257183401714
0.00026926173128203376
0.0003481788496221419
0.0004471637237522103
0.0005797491350511954
0.000656615329746041
0.0008152066263960717
0.0009207098164501526
0.0010513450406242897
0.0011853416898432755
0.0013103782749881092
0.00141902471783974
0.0015186554343195047
0.0016373051252898756
0.0015649372204762837
0.0016580217450582126
0.0015729194950717495
0.001503865429678595
0.0014189181953693916
0.001310056894703098
0.0011847932516359464
0.0010574333967034097
0.0009538654836597648
0.0007809129078246753
0.0007020901370958991
0.0005529113459698794
0.00044013720652555735
0.0003478122977907034
0.00026894480227293983
0.00020458781410244
0.0001723033222958084
0.0002232492429344247
0.00027372059534990737
0.0003481788496233209
0.0004406032503847222
0.0005562064030947001
0.0007177623485277482
0.0008123753988735652
0.00101282847369075
0.001152207399800791
0.0013302236033829692
0.0015123091336212166
0.0016852805012843263
0.0018385257340784345
0.0019709936503577836
0.0021312300877391606
0.002036935267491203
0.0021612156405142633
0.00204948551787967
0.0019602156811425503
0.0018386982826825997
0.0016853710275289177
0.0015116089109797738
0.0013331854358217589
0.0011919842559804331
0.0009695733494870968
0.0008694682215784108
0.0006844851922278538
0.0005503256580291927
0.0004402593098379661
0.00034804045000827265
0.0002733396171487617
0.0002377889766416463
0.00029497222472905465
0.0003577627185873796
0.0004471637237507747
0.000556206403092283
0.0006977972829604621
0.0008943031158988195
0.0010094358834129805
0.0012683564773417406
0.001464475740095782
0.0017126555022284591
0.0019765081033289804
0.0022258936033763155
0.0024408482226631932
0.0026366388448525505
0.0028424491417785775
0.0027062386421322477
0.0028872640322258982
0.0027553863899605954
0.002623995480927841
0.0024534996776821804
0.0022273406332679853
0.001967665387470015
0.0017116405732588579
0.0015047559404333453
0.0012115710500843599
0.0010861945593187599
0.000857452095588671
0.0006901470285864108
0.0005585857484557319
0.000447467802627535
0.0003560428151449033
0.0003101334992464411
0.00038535833437036357
0.00046732674979236947
0.0005797491313422891
0.0007177623451562727
0.0008943031123174626
0.0011220118658434933
0.0012773619149286076
0.0016316493832992307
0.0019483469991346833
0.0023055216927785386
0.0026944980600630765
0.0030782275651335404
0.0034260008586816794
0.0037380800096907733
0.0039616337167371245
0.0037703049741895293
0.004036738523281575
0.003939135426950293
0.003726028139808664
0.003440639005832353
0.0030823848122830963
0.002688527367526059
0.002308280760978562
0.001957373980759094
0.0015471487523753195
0.0013713856314712105
0.0011017836271688863
0.0008893103875489132
0.0007206975520458285
0.0005806172147402547
0.000466244281084356
0.0003886677033776724
0.00043710122195534626
0.0005297776794078913
0.0006566150821249735
0.0008123749758111206
0.0010094353772973675
0.001277361378015357
0.0014392304411050558
0.0019054358120481505
0.0022975738768187316
0.002768731384482513
0.0032944016756186224
0.0038324863238345646
0.004338380431744827
0.004786552100120163
0.005139935571610552
0.004802574215474559
0.0052584173930902795
0.005097923425922265
0.004790114681791288
0.004360974537230625
0.0038405925111421766
0.003288878617772629
0.002768027780211549
0.002318395476767688
0.0017636412033124541
0.0015749856019033523
0.0012505031951248059
0.0010091530559090023
0.0008165351092481681
0.0006578145859108613
0.0005286854759421982
0.000471557107756029
0.0005429134265972214
0.0006565395105854441
0.0008152091503591806
0.0010128320596690466
0.0012683430877709543
0.0016316061435830466
0.00190538457758891
0.0024828637260402376
0.0030210069654699957
0.003698408560027451
0.004477611780951587
0.005313483807524838
0.006142112822060658
0.006901546675088009
0.00762350403415954
0.00738317917088768
0.007838441370311425
0.007437480102755864
0.006897620641659374
0.0061676129438365986
0.005330340718341784
0.004483703945453383
0.0037078744907088155
0.0030724149511526565
0.0023678095100665274
0.0020329541183195863
0.0015824090697019366
0.0012641565864053787
0.001016729426767753
0.0008169130278507177
0.000656170924499858
0.0005591440101146948
0.0006105133290111672
0.0007417055248245985
0.0009245827996280842
0.0011593605273249247
0.0014774915965656361
0.00196258740548596
0.002313142630752465
0.003035633352602944
0.00371748928083356
0.004669140718216608
0.005810738111326909
0.0071102455116914985
0.008517782088624882
0.009920138783859245
0.011378282453645347
0.01107187558640869
0.011772258432865805
0.010894395492472213
0.009868254652046254
0.008559754705046121
0.007150819391384025
0.005820314565914681
0.004677322524480633
0.003840038375266694
0.002925922867337688
0.002477516878535821
0.0018645523146857477
0.0014639450732168244
0.001164078386331683
0.0009268465186545584
0.0007398956757003196
0.0006448915898107261
0.0005561537666944805
0.0007340801058108155
0.0009828779768173486
0.00131111848849708
0.001629483093938535
0.002071465382886485
0.0026697156755231457
0.0031112306394608167
0.0038704841610012583
0.005206881502554875
0.006939300027194598
0.009388686410727496
0.012269625220168296
0.014344417038625875
0.016139111611945676
0.01728964489379707
0.016370021979248448
0.014976923997686168
0.013247219790584026
0.01070419669058195
0.008818420596240058
0.007548381779407808
0.005802902010004015
0.004490716966431304
0.003539436541850838
0.002603221405195605
0.0019052424816668623
0.0014484001476005937
0.0011062344836987432
0.0009172873540326104
0.0008076856746434935
0.0006728151232285723
0.0006323983282131245
0.0008392107678181228
0.0011254019027691292
0.001489795166357137
0.0018576403764036622
0.0023955361289245774
0.003167541768239648
0.003827491185580718
0.004994982229384038
0.007040137777506101
0.010033043923107127
0.014224742418506528
0.019115792867143506
0.02333551983807931
0.02743841240090692
0.030666777162660253
0.030802580434859183
0.02881301268209761
0.02394138432995178
0.01768842244803167
0.01310394895817128
0.010361143643649484
0.007527560927904757
0.005595127844579647
0.004310572639059007
0.003153596714862749
0.0022772766874990615
0.0017015786544584072
0.0012874106753956976
0.0010475243659465111
0.0009040260942847402
0.0007597297214561462
0.0007329717164839491
0.0009578998238562628
0.0013229722876020077
0.0017102729655125055
0.0021361723337730175
0.0028054664502699693
0.0038344898511194366
0.004919679202723422
0.006539402463280375
0.00947834520529762
0.014227827413888866
0.022525471852337508
0.03232197366253443
0.04366203430865104
0.05630622232643018
0.06683768377456079
0.07105604541904237
0.06248064142276242
0.04632637411488087
0.030924225895150037
0.02089856871656836
0.014881115794339681
0.010046069359728634
0.007085256791487904
0.005309370426465717
0.0039050533256252667
0.0027009229174009314
0.0020110811593172908
0.001526327888248287
0.001249623412697322
0.0010295299999739105
0.0008713682627251278
0.0008369559457519802
0.0010733569847200283
0.0014378078975787955
0.0017755358582976222
0.0022139112354466113
0.0029443006670798314
0.0041556069692275524
0.005815785373483901
0.008233659295844787
0.012381193428440261
0.019120685720787917
0.03232199758787034
0.05052536242359925
0.08044418424771672
0.12317559647642909
0.16629212951810013
0.18986124559045675
0.15592911852239233
0.09710768640246246
0.0539547313730733
0.030692075591087768
0.018957808931348213
0.011817480584093645
0.00795824240496337
0.005836130875213579
0.004414064857625485
0.003113052360083223
0.002347904273222857
0.001769217678058466
0.0013885447792618515
0.0010629272723399956
0.0008810036017666953
0.0008659967649351655
0.0011000295378051144
0.0014640944621910562
0.001796384667465276
0.0022174102304448433
0.0029839936098963317
0.004359273359369241
0.006275253898787328
0.009251265036364087
0.014504677774462814
0.023342642576485956
0.04366200061755918
0.08044418464810467
0.1565853866073665
0.29873514244726457
0.44047380182176293
0.49847953377496573
0.4481487556279162
0.2160350067907506
0.09054676352858106
0.0414584674813586
0.023243542511663804
0.013289109045418544
0.008554331438596638
0.006209143800844358
0.004659584735530018
0.0032746642963789006
0.0024776490009498155
0.0018449244569922877
0.0014203389198551052
0.0010693811451521814
0.0008712869816171992
0.0008918366020303245
0.001135726468403406
0.0015173187891731027
0.0018692902977347416
0.0023200825220888437
0.0031423490400611974
0.004631601548342685
0.006739223127477079
0.010119915215722922
0.01631392508140324
0.02744612742240211
0.05630616799344662
0.12317559708703155
0.29873514064289647
0.6554151356378523
0.7454660095124088
0.877664301661243
1.2259861591966164
0.43740582334659767
0.14040480953410092
0.0531357838239742
0.027785669232001958
0.015098791575942993
0.00942450720084322
0.006693591253238116
0.004952214420353879
0.003442628639769718
0.002587419707583509
0.0019176692689157604
0.0014712494840902425
0.0011048063029830866
0.000898062452830493
0.0009139238005769836
0.0011810725037654088
0.0015993273535171116
0.001999282028364272
0.002531798501070499
0.003433873290707116
0.004969748442485096
0.007170612350939614
0.010709414444847125
0.017442158395757197
0.0306732621499123
0.06683769819856603
0.16629211623925536
0.4404737030287222
0.7454654630034782
0.2558041369351442
0.31435497941371376
2.1902660331289057
0.7404147457476146
0.18250925871950985
0.06164742698647617
0.03151027914277324
0.01714277203369461
0.010551702817521009
0.007283829020212028
0.005284834265117822
0.003612632220325316
0.002671451100054344
0.0019853284102250286
0.0015421062663081083
0.0011717988396190834
0.0009648782150343939
0.0008499643542037251
0.001126112251567307
0.0015843441727121472
0.002093100989272654
0.002681615882082947
0.0036389116291975195
0.005180944252722632
0.006932460193112161
0.010010761775906091
0.01653780134370768
0.0308077520615236
0.07105662959312968
0.18985904655901986
0.4984652990057412
0.8776252654083174
0.31427285622019624
0.36860688782938383
3.2848848888203546
0.8383751664826125
0.1861980702256515
0.0605433223815358
0.033533570804365705
0.018464693788396328
0.011300843219464184
0.007688190772415765
0.005281001609938923
0.0034676398863267436
0.002497508353000608
0.0018496863343306937
0.0014902955004847604
0.0012168310097907696
0.0010193778803427563
0.000789232862723222
0.0010657528475906586
0.0014726853342221214
0.0020044032397756157
0.0025843192806031677
0.0035072845529873667
0.004901484952025212
0.006236007737640846
0.00897248587285155
0.014926820258915431
0.02836789863432361
0.0622190117270709
0.1560130624222215
0.4511615300953399
1.2237157670555447
2.1823020843484926
3.2502105627434132
4.43105800755704
0.7210294086938938
0.14934239239353878
0.05151825719638063
0.030247037999170785
0.01722959491025137
0.01071082213839439
0.007314427916234579
0.004910037684657705
0.0032893197898156883
0.0023191122436924984
0.0017025137618986253
0.0013591491922958917
0.0011600042595139612
0.000965226943457794
0.0008714085152230264
0.001110268692111661
0.0013977843438782904
0.0018165380031888495
0.0024231395949212324
0.00328029955854202
0.004449951338977071
0.00625654883406958
0.009569142668463097
0.01453734349285709
0.02396558173600165
0.04271960746191882
0.08639597464801686
0.19532828811379196
0.4203745980755762
0.7165217914982102
0.7640920103760808
0.5956899912969733
0.2936627501163694
0.0977512125252473
0.04415825525062984
0.024257741035422123
0.01457098155472472
0.009386353768916944
0.006370140499572383
0.004585846179715086
0.0032361809356873275
0.0024192793547508913
0.001856330645353668
0.0014125587458692817
0.0010798275470840352
0.0009696869469386866
0.0008123329559140635
0.0010124010979142978
0.0012702076562334623
0.0016446524608016296
0.0021759589572597857
0.0029890097099360045
0.004033920743410295
0.005511183641812722
0.007870013685698242
0.011409830777925916
0.017654378405502463
0.028955834882575075
0.05057755138840829
0.08956156794518742
0.14787337600245407
0.18311266423160077
0.1744208347478128
0.1385373446178231
0.08945316027806936
0.05125336941072764
0.030139177934008884
0.01848257371701598
0.011602971224488645
0.007762083313402084
0.005414726656344854
0.003982141692460145
0.0029535361752884366
0.002249313142857759
0.0017223803766402651
0.0012860929331155136
0.00099013275615452
0.0008714410079351249
0.0007408519087449801
0.0009219518073059304
0.001127414755263937
0.0014488038348652434
0.0019312531149492456
0.0026299343857237333
0.0034949027122137158
0.004669316949308083
0.006444227825422519
0.00873573718388191
0.012644756532745619
0.019217516112046657
0.030017702835851555
0.04426733681612777
0.05967899136285583
0.06535070491041113
0.06110220073746068
0.05396243575855921
0.04308082157461676
0.029863131622037437
0.02022549919703314
0.013627735481983805
0.009016591079816979
0.0062028092988169236
0.00447587094159576
0.0034410731354359357
0.0025972348379394747
0.002003682453037715
0.0015475402141737705
0.001160899302208637
0.0008842633921009225
0.0007750726996787032
0.0006804147795666421
0.0008401559722149057
0.0010198084531116258
0.0013005284713332925
0.0017163650731059031
0.0023109001006228077
0.0030192912562321686
0.00394562140008239
0.005237974210789528
0.006781412666762883
0.009277836526106127
0.013077717343940152
0.01863775601329515
0.024444539234462003
0.02950469830305114
0.030418443229924975
0.028676101123887212
0.026558292052840434
0.02345065066272974
0.018538028480449557
0.013816658684732773
0.010049280640742174
0.007014404426486848
0.005035030325945742
0.0037505631471834735
0.002959445771376781
0.00228405561591957
0.0017844600397844228
0.0013917555356048644
0.0010507999832297763
0.0008057238963997807
0.0007106759150417805
0.0006303756110513688
0.0007696710828844802
0.0009464708444402938
0.0011964160066979344
0.0015357777063864768
0.002039488423634206
0.002617944685298802
0.0033523881174022797
0.004299605052991529
0.005466936483895989
0.007110144872169972
0.009273354856400852
0.012299015683479311
0.014966531031509514
0.01701090851729168
0.017125529695012093
0.016625378199534937
0.015782267699714296
0.014346202914994697
0.012239311068805669
0.009762758944961482
0.007552363378266423
0.005543020721003636
0.004208780055486229
0.003236166096953426
0.002561498798343875
0.002018920327042196
0.0015952495703472737
0.0012573938010307115
0.0009574425276287661
0.0007522003258156988
0.000673520108294539
0.0005617224248739849
0.0006931770398911599
0.0008451796946455842
0.0010569446008935647
0.0013466180582234922
0.001715613415791862
0.00214573113052782
0.0027054276122095437
0.0034709597277343585
0.004251852504638086
0.005280568302789269
0.006584704981638685
0.007992358891690539
0.009161658278220937
0.01006755171568217
0.010366804386059622
0.010096780826067856
0.00973167275142833
0.009147177897175153
0.007940137548617443
0.0066452811966429435
0.005452713995045661
0.004314298997547028
0.0033805612267233938
0.0026846354380742
0.002178238369475939
0.0016963649563053705
0.0013488668756261768
0.0010832786683182742
0.000854778604096797
0.0006739451162370219
0.0006251631917885005
0.0004820691194543997
0.0005995658582830425
0.0007283395149928386
0.0009056206282454281
0.0011448684634398742
0.0014302526361297642
0.0017779490558333681
0.0021939183155835085
0.002765918675250456
0.003307794630004301
0.0039941980778308165
0.00483043392870238
0.0056292560653617915
0.00631784231333336
0.006787769107805123
0.00699659089990582
0.0068342644306122365
0.006635344790124295
0.006328842927871189
0.005606672904553279
0.004853741184995477
0.0040817523674394245
0.003356427626971265
0.0026966538157220453
0.0021875069298189073
0.0018044148138764656
0.0014179745945042906
0.0011446881987525685
0.0009193944877204319
0.0007364657328214217
0.0005835080765505151
0.0005387430484758369
0.00041442469913826734
0.0005052470102595784
0.000611755602671009
0.0007580879120473934
0.0009535277252836651
0.001193848046775213
0.0014551405762408909
0.001783271908778773
0.00218603183710115
0.0025594091970092808
0.0030227640321222253
0.0035747128201819374
0.004109348996940337
0.00448638881170996
0.004795345757074162
0.004872426868985402
0.004758825589037743
0.004644918778828639
0.004486465714285605
0.004090348910240679
0.0035933824133807454
0.003120852812292532
0.0026002966226250286
0.0021302493287805547
0.0017583858708649714
0.0014728471322730022
0.0011818684757345752
0.0009549104800046203
0.0007777983591396792
0.0006188286063763298
0.0004916658014791625
0.00045757367982187004
0.0003364196616259476
0.000410367140297172
0.0005058637100330776
0.000612696420638682
0.0007497674179131382
0.0009298489741555173
0.0011703807068693215
0.0014506359384788426
0.001726380698673573
0.0020360322873863336
0.0023414464979468527
0.0026902086588295343
0.0029719380232406333
0.0031821925793199144
0.003313557368593175
0.0034127726396737386
0.0034494147865864752
0.0033897514705363285
0.0032957580277734795
0.0030633543253748494
0.002768268103777127
0.002314867351831194
0.0019322509789242962
0.001624205224128285
0.0013752907953175448
0.0011790573812779852
0.0009728078209641867
0.0008157762949574395
0.0006435044750862188
0.0005093359766675564
0.00039732412292055053
0.00035451307295656986
0.0002634708522748338
0.0003353124258791945
0.0004494405314971581
0.0005603167618271539
0.0006670989101047233
0.00081850648043629
0.0010257842599841656
0.001193485144642664
0.0013486583487244954
0.001591649533946369
0.0018485692119513837
0.002216413882365119
0.0024443127125541777
0.002520875578946295
0.0026363201870265485
0.0027907401473716118
0.002770789225102418
0.002578393505420444
0.0024571959397924744
0.0022748907479932775
0.0021656173945776972
0.001961141876629777
0.0016511929334904697
0.001415168628557648
0.001243407492149782
0.0010350571433755578
0.0007956366398892264
0.0006387887476123483
0.0005087200792835657
0.00042720816013362017
0.00035547977053091437
0.00030606004005745137
0.00018926318146867576
0.0002515726484363642
0.0003335304472815644
0.00043321571332147034
0.0005236101250146465
0.000641515936183769
0.000790571202791747
0.0008794239375115723
0.0010032320063198305
0.0011862006427939644
0.0013615737607137733
0.0015769945018120712
0.0017864452543790497
0.0018493126134193
0.0019222232480550485
0.0020051220284370377
0.0019158097064749927
0.0018242023683509316
0.0017564778579673862
0.0016229646820721138
0.001532416974098059
0.0014591627765703236
0.0012590365061602054
0.0010926647117272272
0.0009588926158613649
0.0007766656461132155
0.0006130122644332866
0.0004886358606005877
0.00038130192239118157
0.00031069061606063455
0.00026490880659162363
0.0002222041779283724
0.00013366758278813326
0.00018512375082932147
0.0002550628409916225
0.0003444474542345235
0.000425457246610361
0.0005233027213490325
0.0006380947512059389
0.0006960900084919978
0.0007793934381695554
0.0009142242701311602
0.0010371412427382343
0.0012031665555356876
0.0013845965621423202
0.0014426362340869332
0.0014937422059488937
0.0015365025321283368
0.001434402287619588
0.0013492031678273742
0.001306158343050106
0.001215465625610894
0.0011735346466071335
0.001148797980662948
0.00101053375476849
0.0008839147331572979
0.000771787591641039
0.0006148192257981838
0.0004822652607894611
0.0003826925298427784
0.00029369252922638854
0.00023659759701786932
0.00019911797524409632
0.00015863773700799054
8.762906815311114e-05
0.00013026348054802039
0.0001930590099114509
0.00026721418688098355
0.00033346817976581846
0.0004133435832268633
0.000507533673086433
0.0005514685251731357
0.0006092387493334366
0.0007052904044264354
0.0007956428112429672
0.0009283772700692761
0.0010617153108624519
0.0010951814045944714
0.0011307001491251544
0.0011680649635126058
0.0010894245896015003
0.0010132556374288385
0.0009804329079609962
0.0009224428148829818
0.0009061663472949343
0.000893955184596271
0.0007870973386215642
0.0006923090651322514
0.0006107670072630751
0.0004892592738561482
0.0003782589661420462
0.00029740540440827205
0.0002251410039584805
0.00017604355945271999
0.00014171152714758943
0.00010900283697070353
6.902494775070372e-05
0.00011518146708554984
0.00017360062531761913
0.00023979184278318105
0.00031272044031842403
0.00039199497974934426
0.0004767917903479957
0.0005651777751598268
0.0006522918907535505
0.0007370516147811892
0.000820917571055147
0.0008973136900737274
0.0009589627734038762
0.0010055238253128048
0.001036113954268326
0.0010495170985550164
0.0010512792351110222
0.0010371816892206455
0.0010041663344707288
0.0009587395332120114
0.0008978863449375512
0.0008218770274268677
0.0007382818789410154
0.0006514175416784138
0.0005639169457706203
0.0004771255498921439
0.0003920622898137198
0.0003123497144344771
0.00024010267130844385
0.00017404242912034206
0.00011514051882139504
7.002171709833283e-05
