0.02753130254932599
0.02753130254932599
0.02753130254932599
0.02753130254932599
0.02753130254932599
0.02753130254932599
0.0222456553994008
0.020498534304060335
0.019805546707436606
0.018575375101805163
0.01648750853174514
0.014351380685950557
0.00866914489313827
0.008278990108005735
0.007423227293076772
0.007185450757834814
0.007135033831888854
0.007128745481828296
0.0071286910552949825
0.0071286910552949825
0.007128693803617616
0.007128693803617616
0.007128650451637811
0.007128650451637811
0.0071286446539823335
0.0071286446539823335
0.00712864553401061
0.00712864553401061
0.0071286459512877485
