0.0
0.0
0.0
0.0
0.0
0.0
0.0
0.0069892530937351585
0.009572457811792943
0.006034079355083994
0.007410202819118751
0.007951913687175153
0.009595905547015888
0.004606834820468009
0.0031196667076540167
0.00226429612091074
0.0007070297956784822
0.00028802558200404914
9.62639126950956e-06
9.62639126950956e-06
2.793964485842689e-06
2.793964485842689e-06
1.4296934945638827e-05
1.4296934945638827e-05
3.2237746598505384e-06
3.2237746598505384e-06
5.716323787931129e-07
5.716323787931129e-07
1.355014352463282e-07
