8.453677390441834e-05
0.0012261701263411107
0.004077173997981079
0.00424419472240578
0.004261026608377161
0.0047684368094490165
0.006710298798011496
0.01803159202802042
0.020220380284042893
0.02082857228487857
0.020131687411327398
0.018468854977385703
0.01019212917613133
0.008995712859694926
0.010220164386387566
0.03073964127473692
0.104322796914808
0.12236902205219839
0.12713999112223107
0.12370445938741294
0.11672191628503593
0.03457918106123167
0.004544106284522993
0.004373486901638626
0.004178189958998525
0.00651960011227428
0.007142796163376977
0.007341235321102272
0.007081103101119904
0.006374746213961314
0.0019140877293130228
0.00013194923403680485
0.0001402671759364132
0.0019331392695958562
0.007434934415522624
0.006911591850198445
0.004225075557578911
0.005089759055404708
0.012981617649492206
0.03254303356853414
0.026122130985693166
0.02314625946662016
0.026386556281966487
0.03387280677966908
0.016519879226049274
0.00891582147583933
0.01115505736015105
0.0497763455263697
0.1886038307204934
0.15252921736249583
0.14114189356610427
0.17498632384194715
0.23609480693385376
0.05750851884107895
0.005424676241392441
0.004651160237023788
0.009588469471425222
0.011790757823974094
0.009337925953746688
0.008161755045666361
0.009128211782744077
0.011533448678355719
0.0030140869379137506
0.00021842166508243056
0.00019472377499907357
0.0027434070397376435
0.010764298354363502
0.009904506721096946
0.008411628364475189
0.006401514751473374
0.015425355307834553
0.04705246451038157
0.03332307845787377
0.0213937622225063
0.03664222589896788
0.049739399952359604
0.023697395190601284
0.017729988869045706
0.014126805845594073
0.06583067891754507
0.27296129147389436
0.19395822787847464
0.13333063336418638
0.2592250357944976
0.3839546694843198
0.08629305275148784
0.009502562275525891
0.0058418347355944245
0.010023586953030916
0.017130223442796123
0.011964411546546453
0.007509220795722286
0.012533734232301237
0.01667668870739629
0.004273032128681775
0.00030349490246570445
0.000247485236014531
0.0035058940453178713
0.013867113626035456
0.012719972691392778
0.006195021118874975
0.007802927984491769
0.019746437492339963
0.060602732357134495
0.04992019449297116
0.026730730055268447
0.0468487597826901
0.1043918279139864
0.030498027564193078
0.013073944985436358
0.017259811328157803
0.08245530470614858
0.3517907579219397
0.2903446321668904
0.16871635459837114
0.3539586336724727
0.9011462428211664
0.11725442508674237
0.009353447503912862
0.007116353812826404
0.01291154841495168
0.02216986880336211
0.0179845165582682
0.009363774753271365
0.015858431834061378
0.021477737952262866
0.005456689926259868
0.00038543186324678736
0.00029657538734565467
0.004211548879129987
0.016727893153688986
0.015322747786577866
0.007229997396463732
0.009169506559510316
0.02373641519623163
0.07310153958636358
0.05961423312047652
0.029502609742967558
0.056599645178988946
0.12777856687502126
0.036828149227562675
0.015258445247136475
0.020301424013966316
0.09728744026885479
0.424512031163667
0.34650804064399615
0.18844810020372524
0.45720926173518034
1.2387347881403392
0.15034016655612298
0.011562052281469865
0.00835988436991833
0.015596708567337992
0.02686442960712583
0.02154824640180072
0.01032456073418851
0.018973046336477166
0.025905507904105313
0.006549904566757165
0.000461544044047831
0.0003416087420624622
0.004856953588054797
0.01934322396562118
0.01770541202645157
0.008210000734005731
0.010458205917755457
0.027382822922794006
0.08453118696543999
0.06856402783122714
0.032349704992633475
0.06575355482234196
0.14973841823028622
0.04265884968422649
0.01732678376219807
0.023161695210058474
0.11045542215079888
0.49101876111480747
0.3983827335379904
0.20935125053241663
0.5681751794903828
1.641282630367641
0.18566802363943355
0.013877717604444543
0.0095330367904663
0.018067821869433506
0.031196406992440504
0.02485809577437614
0.011309822026880174
0.02184332831323162
0.02995399545024549
0.007548276521997837
0.0005312618744478107
0.00038243487183445393
0.0054410388746260595
0.02171161448584638
0.019864776274852763
0.00911631653551887
0.011647972789999714
0.030681906462451208
0.0948837505949609
0.0767152997708817
0.035128239425795335
0.0742255432974417
0.17012503864156664
0.04797309618601839
0.019239559806006036
0.02579877284797811
0.1220850803218971
0.5512625393652257
0.4456535034583522
0.23047667332011032
0.6859583702684994
2.122231770286162
0.22337776057683623
0.016300349946970615
0.010616402739011835
0.020318180638363492
0.035152665238537606
0.027889259695779073
0.01226922911724918
0.024454676308026682
0.033620573693191165
0.008450562240048257
0.0005943803743547806
0.00041899206924451266
0.005963470514944248
0.023832317615881334
0.021799249767350565
0.009938860538150476
0.012727235421605308
0.03363283959254382
0.10415510432081077
0.08404050678364183
0.03774562608961458
0.08195338223062758
0.18879934149610103
0.05275858227588301
0.020975543120270133
0.028189613074722106
0.13228145416761855
0.6052176292521777
0.48815841209464045
0.2511242741748286
0.8092522107747719
2.6963421088991595
0.26354686188535703
0.018832631093994755
0.01159930679126295
0.022342979489132036
0.038722251702236116
0.030626867914678627
0.013170839764115944
0.026799729363359687
0.03690391663410267
0.00925661995578364
0.0006508299725502764
0.00045125670357984996
0.006424215597856547
0.025704917476653405
0.023507954136155886
0.010671804108187669
0.013689059285726987
0.03623586177423151
0.11234283518563844
0.09052431177992652
0.04014104808949246
0.08888692098508252
0.20563023442742884
0.05700541036061052
0.022522455103765274
0.030320154067375198
0.14112853795473723
0.6528686852058698
0.525804528609335
0.2707411077354078
0.9361268439881587
3.3778451143267776
0.3060880057306299
0.021470073314472538
0.012475351202349818
0.024138433914537443
0.04189567453662177
0.03306085902756527
0.01399405764066966
0.0288744132275549
0.039803278488957865
0.00996673264306622
0.0007005973654432168
0.00047922265366544443
0.006823368260332871
0.027329164425605495
0.02499036798846935
0.011311586205143352
0.014528997278018109
0.03849157308149039
0.11944540980607783
0.09615757543046818
0.042273513632792456
0.0949839732524726
0.2204961778276747
0.060705225567396104
0.023872783971479777
0.03218108592486742
0.14869237386017248
0.6942058039016212
0.5585333845559269
0.28885980101064995
1.0638320490624151
4.176311068936992
0.35059607470227916
0.024189940913573123
0.013240435052386597
0.025701432678625322
0.04466464384649075
0.035183869530293364
0.014725305495151088
0.030676316216834577
0.042318205996347016
0.01058133743591551
0.0007436934834443202
0.0005028919145273182
0.007161070729576022
0.02870490026577634
0.02624616534157358
0.011855937599881156
0.015244050577396185
0.040400645079594164
0.12546179557440607
0.10093457568357547
0.04411472553307049
0.10020863828502764
0.2332869909099731
0.06385087761399469
0.025021732965962294
0.03376586944762505
0.1550243396269669
0.7292222464196899
0.5863052312817885
0.30506473034217557
1.188600107614991
5.088776655093209
0.3961299975001414
0.026937416206564237
0.013891795369106874
0.02702938457265718
0.047021978213520436
0.03699026351318551
0.015355442626401506
0.032203939879910035
0.044448407922221246
0.01110090409141111
0.0007801389372067987
0.0005222699152495277
0.007437474250635291
0.02983202101280919
0.027275135066816975
0.012303369358301366
0.015832129770854086
0.04196369943351072
0.13039127148404644
0.10485160617631785
0.04564481995056709
0.10453063535107635
0.2439056736019083
0.06643629867813002
0.025966146155084056
0.035069743477973814
0.16016392082270328
0.7579132804573577
0.6090913696682422
0.31897670761902913
1.3054714912164744
6.087070851797158
0.4409500512202142
0.029610584345455538
0.014427509210545883
0.028120145710369325
0.04896157691046681
0.03847564900173998
0.015878220321226107
0.03345632184480674
0.046193690054546425
0.011525875629408685
0.0008099568188596059
0.0005373630270821764
0.00765271844829301
0.030710457013789865
0.02807713784194071
0.012652890026353607
0.016291759366036274
0.043181259076620425
0.13423332671144486
0.10790622233346879
0.04684978909454368
0.10792508630805332
0.2522701175672599
0.06845647508394562
0.026703915427886443
0.03608920075150511
0.16414087921470602
0.7802755463692128
0.626870331693595
0.3302508282296824
1.408243597887032
7.1021085295987
0.4823100038341398
0.03205063851322503
0.014846220271776095
0.028971983447831955
0.05047841922895519
0.03963662197570501
0.01628934597687413
0.03443283303275868
0.04755392046693062
0.011856637542951125
0.0008331689104924533
0.0005481771737779655
0.007806919911973403
0.03134016178575508
0.028652081977562107
0.01290384300293892
0.01662190901913258
0.04405373159288746
0.13698760341247387
0.11009681646098252
0.0477199044433211
0.11037249625642766
0.2583146196118763
0.06990745892667788
0.027233640118258403
0.03682170036507251
0.16697688072239011
0.796306691341257
0.6396260605663264
0.3385847751445972
1.489768640431833
8.014036215813624
0.516515044029582
0.03404878295127405
0.015146982517941368
0.029583558086890685
0.05156857421485353
0.04047062509786337
0.016585908969030963
0.03513306332270094
0.048529010001130725
0.012093501158810985
0.0008497935969993589
0.00055477908354794
0.007900201539343094
0.0317211281045568
0.028999946249695138
0.013056139149276925
0.016821972078933246
0.044581522861266445
0.1386539469571773
0.11142242228451059
0.04824885235342186
0.1118589352550888
0.2619912050076357
0.07078654749983725
0.02755515114317323
0.037265876224618126
0.16868718107233163
0.8060055559352467
0.6473474355366658
0.3437382428060599
1.5429002965314218
8.665754100624628
0.5395044976067692
0.035407590793408196
0.0153292132672227
0.029953954214958698
0.05222924974030794
0.04097588861677483
0.016766063421630787
0.035556790126068986
0.049118932202684415
0.012236747369731469
0.0008599400129892178
0.0005576651421243067
0.00793868180983314
0.031858773777800366
0.029125965406356712
0.013117592001836879
0.016896435208219155
0.04478619757970438
0.13925330771311933
0.11190302295054269
0.048452051048983695
0.11240296008558875
0.2632885220374207
0.07111712908899867
0.027684813742012458
0.037432506105537625
0.1693708627426973
0.809473357536717
0.6501316943061285
0.3457605405640319
1.5637196318257134
8.915069062368683
0.5496035065551118
0.036037429631066195
0.015396872188757318
0.03009089771431905
0.052467824058686816
0.041159511112807114
0.016835504194985796
0.03571160336684454
0.049331407008581574
0.012295824862442267
0.0008643748498955127
0.0005576651421243067
0.00793868180983314
0.031858773777800366
0.029125965406356712
0.013117592001836898
0.016896435208219148
0.04478619757970438
0.13925330771311933
0.11190302295054268
0.04845205104898371
0.11240296008558875
0.26328852067039776
0.07111712908899868
0.027684813742012492
0.037432506105537604
0.1693708627426973
0.8094733575367171
0.6501316943061285
0.34576054056403194
1.5637196318257136
8.915068922249311
0.5496035065551118
0.03603742963106621
0.015396872188757346
0.030090897714319057
0.05246782405868681
0.04115951111280711
0.016835504194985827
0.03571160336684455
0.049331407008581574
0.012295824862442266
0.0008643748498955127
0.00055477908354794
0.007900201539343094
0.0317211281045568
0.02899994624969514
0.013056139149277016
0.016821972078933087
0.044581522861266425
0.1386539469571773
0.11142242228451059
0.04824885235342225
0.11185893525508882
0.2619912009291117
0.07078654749983726
0.0275551511431734
0.03726587622461777
0.16868718107233155
0.8060055559352467
0.6473474355366655
0.34373824280606
1.5429002965314227
8.665753710407882
0.5395044976067693
0.03540759079340829
0.01532921326722307
0.029953954214958747
0.05222924974030793
0.04097588861677459
0.016766063421631675
0.035556790126068834
0.04911893220268441
0.012236747369731467
0.0008599400129892178
0.0005481771737779672
0.007806919911973405
0.03134016178575508
0.028652081977562107
0.012903843002939142
0.016621909019132755
0.04405373159288748
0.13698760341247387
0.11009681646098277
0.04771990444332026
0.11037249625642767
0.25831461243590437
0.06990745892667788
0.02723364011825894
0.036821700365072145
0.16697688072239006
0.796306691341257
0.6396260605663252
0.3385847751445973
1.4897686404318353
8.01403560199057
0.516515044029582
0.03404878295127412
0.015146982517941361
0.029583558086890685
0.05156857421485354
0.040470625097862846
0.01658590896903278
0.03513306332270095
0.048529010001130725
0.012093501158810983
0.0008497935969993587
0.00053736302708219
0.007652718448293173
0.030710457013789973
0.02807713784194075
0.012652890026353671
0.016291759366036298
0.04318125907662041
0.13423332671144486
0.10790622233346922
0.04684978909454504
0.10792508630805363
0.2522701069103713
0.06845647508394563
0.026703915427887207
0.03608920075150463
0.16414087921470602
0.7802755463692126
0.6268703316935932
0.33025082822968405
1.408243597887036
7.102107741569397
0.48231000383413986
0.03205063851322537
0.014846220271775101
0.028971983447832066
0.05047841922895518
0.03963662197570579
0.016289345976876892
0.03443283303275822
0.047553920466930556
0.011856637542951118
0.0008331689104924529
0.000522269915249553
0.007437474250635747
0.02983202101281204
0.027275135066817103
0.012303369358301676
0.01583212977085479
0.041963699433510734
0.13039127148404644
0.10485160617631777
0.04564481995056638
0.10453063535107622
0.24390565952476603
0.06643629867813
0.02596614615508469
0.03506974347797457
0.1601639208227033
0.7579132804573577
0.6090913696682405
0.31897670761907104
1.3054714912164798
6.087069989572187
0.4409500512202143
0.029610584345456017
0.014427509210545874
0.0281201457103695
0.04896157691046682
0.03847564900174014
0.01587822032122993
0.033456321844806805
0.046193690054546384
0.011525875629408678
0.0008099568188596055
0.000502891914527333
0.0071610707295761975
0.028704900265776465
0.02624616534157369
0.011855937599881886
0.0152440505773958
0.040400645079594164
0.12546179557440604
0.10093457568357404
0.04411472553305795
0.10020863828501424
0.23328697349199495
0.06385087761399455
0.02502173296596289
0.03376586944762608
0.1550243396269669
0.7292222464196898
0.586305231281786
0.30506473034221815
1.1886001076149972
5.088775797352377
0.39612999750014133
0.026937416206564372
0.01389179536910507
0.02702938457265759
0.04702197821352043
0.03699026351318678
0.01535544262640617
0.03220393987991012
0.04444840792222122
0.011100904091411104
0.0007801389372067984
0.00047922265366544676
0.006823368260332873
0.027329164425605484
0.024990367988469375
0.011311586205144329
0.014528997278018803
0.03849157308149045
0.11944540980607776
0.09615757543046725
0.04227351363279135
0.09498397325247132
0.22049615716614068
0.06070522556739607
0.023872783971479867
0.03218108592486857
0.14869237386017248
0.6942058039016209
0.5585333845559232
0.2888598010106514
1.0638320490624198
4.1763102644945285
0.35059607470227944
0.024189940913573196
0.013240435052386411
0.025701432678625024
0.04466464384649066
0.0351838695302902
0.014725305495151348
0.030676316216834528
0.04231820599634699
0.01058133743591551
0.0007436934834443203
0.0004512567035798506
0.006424215597856549
0.025704917476653412
0.023507954136155938
0.010671804108189267
0.013689059285727044
0.03623586177423152
0.11234283518563853
0.09052431177992701
0.04014104808948901
0.08888692098508237
0.20563021063662157
0.0570054103606101
0.0225224551037663
0.030320154067375312
0.14112853795473723
0.6528686852058698
0.525804528609331
0.2707411077354231
0.9361268439880813
3.3778443860457013
0.30608800573063
0.021470073314472288
0.01247535120234692
0.024138433914537415
0.041895674536621734
0.03306085902756318
0.013994057640676223
0.02887441322755221
0.03980327848895784
0.009966732643066219
0.0007005973654432168
0.0004189920692445134
0.005963470514944251
0.02383231761588135
0.021799249767350676
0.00993886053815399
0.01272723542160376
0.03363283959254388
0.10415510432081108
0.08404050678365606
0.037745626089614896
0.08195338223062552
0.18879931470674308
0.05275858227588335
0.020975543120272354
0.028189613074723754
0.13228145416761855
0.6052176292521777
0.4881584120946619
0.25112427417479594
0.8092522107747773
2.696341462248991
0.26354686188535714
0.018832631093992913
0.011599306791266398
0.022342979489132577
0.038722251702236
0.030626867914678606
0.013170839764116692
0.02679972936336135
0.03690391663410256
0.009256619955783632
0.0006508299725502763
0.00038243487183445464
0.0054410388746260595
0.021711614485846385
0.019864776274852926
0.009116316535518499
0.011647972789999591
0.030681906462451402
0.09488375059496106
0.07671529977088372
0.035128239425789756
0.07422554329744012
0.17012500900103492
0.0479730961860184
0.019239559806007018
0.02579877284797383
0.12208508032189706
0.5512625393652248
0.44565350345831656
0.23047667332007754
0.6859583702685067
2.122231201182441
0.22337776057683653
0.0163003499469719
0.010616402739016349
0.02031818063836414
0.03515266523853772
0.027889259695778903
0.012269229117259127
0.02445467630802691
0.033620573693191345
0.008450562240048266
0.0005943803743547806
0.0003416087420624626
0.004856953588054792
0.01934322396562116
0.017705412026451532
0.008210000734005123
0.010458205917753989
0.027382822922794283
0.08453118696543988
0.06856402783122492
0.03234970499261957
0.06575355482233873
0.14973838590461505
0.04265884968422645
0.01732678376219747
0.02316169521005572
0.11045542215079909
0.49101876111480647
0.3983827335379843
0.2093512505324127
0.568175179490332
1.6412821305081724
0.18566802363943372
0.01387771760444435
0.009533036790461243
0.01806782186943352
0.03119640699244011
0.024858095774368563
0.011309822026880056
0.02184332831323144
0.02995399545024522
0.0075482765219978135
0.0005312618744478098
0.00029657538734565516
0.004211548879129981
0.016727893153688955
0.01532274778657789
0.007229997396464739
0.009169506559506869
0.023736415196231424
0.07310153958636353
0.059614233120471975
0.029502609742949708
0.05659964517898842
0.12777853205509923
0.03682814922756315
0.015258445247136928
0.020301424013969168
0.09728744026885476
0.4245120311636665
0.34650804064398616
0.18844810020371774
0.4572092617351904
1.2387343480334723
0.15034016655612356
0.01156205228146519
0.008359884369924402
0.015596708567338906
0.026864429607125744
0.0215482464017961
0.010324560734188028
0.018973046336470487
0.025905507904105098
0.006549904566757149
0.0004615440440478302
0.00024748523601453195
0.0035058940453178726
0.013867113626035456
0.012719972691392923
0.006195021118879497
0.0078029279844895475
0.019746437492339886
0.0606027323571347
0.049920194492984814
0.026730730055277006
0.046848759782687606
0.1043917908326957
0.030498027564192325
0.013073944985434635
0.017259811328149403
0.08245530470614847
0.35179075792193965
0.2903446321669126
0.1687163545983946
0.35395863367248065
0.9011458532348473
0.11725442508674255
0.009353447503911464
0.007116353812826773
0.012911548414951818
0.022169868803362275
0.01798451655827975
0.009363774753270741
0.015858431834060924
0.021477737952262772
0.0054566899262598655
0.00038543186324678725
0.0001947237749990752
0.0027430990254333943
0.01076429835436357
0.009904527144953178
0.011985839702323269
0.006401222361488052
0.01542537554071387
0.04705246968129571
0.04052364328233664
0.023527288880070014
0.0366422258989616
0.049739399952359514
0.02369743336149249
0.02525461418539372
0.014123137241017622
0.06583081944969547
0.2729613291294557
0.23595283355580354
0.14680486572443455
0.25922503579451384
0.3839546694843208
0.08629305473209839
0.012326046033813935
0.005841791673981219
0.010023591043567075
0.01713022516389634
0.014546065784540712
0.008253292647648122
0.012533734232300272
0.016676688707396078
0.004273032128681757
0.00030349490246570527
0.0001400321036943757
0.0019331392695958647
0.0074349344155226664
0.006911591849343301
0.010998026134470991
0.005089759055301207
0.010824394213742965
0.032543033568533976
0.030855483277226644
0.01992216809944969
0.026386556281966133
0.033872806779668654
0.016519879224453183
0.02317683895175162
0.011155057358815092
0.04739681422738565
0.18860383072049283
0.18017110452604013
0.12150838839894178
0.17498632384191887
0.23609480693385343
0.057508518840992166
0.010797566485170525
0.004651160237009809
0.006969256475797783
0.011790757823973796
0.011028879236336029
0.007025188156041907
0.009128211782725592
0.01153344867835457
0.003014086937913687
0.00021842166508242788
8.453677390441663e-05
0.0012261701263410966
0.004077173997981555
0.004239734684263719
0.0042731924189085635
0.0047684368094487945
0.006703279431705379
0.018007584243277287
0.02066147000378707
0.020828572284878513
0.0201316874113278
0.018540186528595126
0.010183879379461044
0.00902138515415524
0.010220164386386755
0.030697310928316745
0.10418277231992602
0.1250691197556919
0.1271399911222304
0.12370445938741358
0.11717634552925664
0.03457871856729993
0.004553750996838087
0.004373486901640501
0.004176675075444813
0.006511139208834781
0.007298025495375565
0.007341235321101541
0.007081103101095327
0.006377030022557497
0.0019140877293129708
0.00013194923403679975
